1	10
2	10
3	10
4	10
5	11
6	10
7	10
8	10
9	10
10	10
11	10
12	10
13	10
14	10
15	10
16	10
17	10
18	10
19	10
20	10
21	10
22	10
23	10
24	10
25	10
26	10
27	9
28	9
29	9
30	9
31	10
32	9
33	9
34	9
35	9
36	9
37	10
38	9
39	9
40	9
41	9
42	9
43	9
44	9
45	9
46	9
47	9
48	9
49	9
50	9
51	9
52	9
53	9
54	9
55	10
56	9
57	10
58	10
59	9
60	10
61	9
62	9
63	10
64	10
65	9
66	9
67	9
68	9
69	9
70	9
71	10
72	9
73	10
74	9
75	10
76	10
77	9
78	10
79	10
80	9
81	9
82	10
83	9
84	10
85	9
86	10
87	10
88	10
89	10
90	10
91	10
92	10
93	10
94	9
95	9
96	9
97	9
98	9
99	9
100	9
101	9
102	9
103	9
104	9
105	9
106	9
107	9
108	9
109	9
110	9
111	9
112	9
113	9
114	9
115	9
116	9
117	9
118	9
119	9
120	10
121	10
122	9
123	10
124	10
125	10
126	10
127	11
128	10
129	10
130	10
131	10
132	10
133	10
134	10
135	10
136	10
137	10
138	10
139	10
140	10
141	10
142	10
143	10
144	10
145	10
146	9
147	10
148	10
149	10
150	9
151	9
152	10
153	9
154	9
155	9
156	9
157	9
158	9
159	9
160	9
161	9
162	9
163	10
164	9
165	9
166	9
167	9
168	9
169	9
170	9
171	9
172	9
173	9
174	9
175	9
176	9
177	9
178	9
179	9
180	9
181	10
182	9
183	9
184	9
185	9
186	9
187	9
188	9
189	9
190	9
191	9
192	9
193	9
194	9
195	9
196	9
197	9
198	9
199	9
200	9
201	9
202	9
203	9
204	9
205	9
206	9
207	9
208	9
209	9
210	9
211	8
212	9
213	8
214	8
215	9
216	8
217	8
218	8
219	8
220	8
221	8
222	9
223	8
224	8
225	9
226	8
227	8
228	9
229	8
230	8
231	8
232	8
233	8
234	8
235	8
236	8
237	8
238	9
239	8
240	8
241	9
242	8
243	9
244	9
245	9
246	9
247	8
248	9
249	8
250	8
251	8
252	8
253	9
254	8
255	8
256	8
257	8
258	8
259	8
260	8
261	8
262	8
263	8
264	8
265	8
266	8
267	8
268	8
269	8
270	8
271	9
272	8
273	8
274	8
275	8
276	8
277	8
278	8
279	8
280	8
281	8
282	8
283	8
284	8
285	8
286	8
287	8
288	8
289	9
290	8
291	8
292	8
293	8
294	8
295	8
296	8
297	8
298	8
299	8
300	8
301	8
302	8
303	8
304	8
305	8
306	8
307	8
308	8
309	8
310	8
311	8
312	8
313	9
314	8
315	8
316	8
317	8
318	8
319	8
320	8
321	8
322	8
323	8
324	8
325	9
326	8
327	8
328	8
329	8
330	8
331	8
332	8
333	8
334	8
335	8
336	8
337	8
338	8
339	8
340	8
341	8
342	8
343	9
344	8
345	8
346	8
347	8
348	8
349	8
350	8
351	8
352	8
353	8
354	8
355	8
356	8
357	8
358	8
359	8
360	8
361	9
362	8
363	8
364	8
365	8
366	8
367	8
368	8
369	8
370	8
371	8
372	8
373	8
374	8
375	8
376	8
377	8
378	8
379	9
380	8
381	8
382	8
383	8
384	8
385	8
386	8
387	8
388	8
389	8
390	8
391	8
392	8
393	8
394	8
395	8
396	8
397	9
398	8
399	8
400	8
401	8
402	8
403	8
404	8
405	8
406	8
407	8
408	8
409	8
410	8
411	8
412	8
413	8
414	8
415	8
416	8
417	8
418	8
419	8
420	8
421	8
422	8
423	8
424	7
425	8
426	8
427	8
428	8
429	8
430	8
431	8
432	8
433	8
434	8
435	7
436	8
437	7
438	8
439	7
440	8
441	8
442	7
443	8
444	7
445	8
446	8
447	7
448	8
449	8
450	7
451	8
452	7
453	8
454	8
455	8
456	8
457	8
458	8
459	8
460	7
461	8
462	7
463	7
464	8
465	8
466	8
467	8
468	8
469	8
470	8
471	8
472	8
473	8
474	8
475	7
476	8
477	8
478	8
479	8
480	8
481	7
482	8
483	8
484	8
485	8
486	8
487	8
488	8
489	8
490	8
491	8
492	8
493	8
494	8
495	8
496	8
497	8
498	8
499	7
500	8
501	7
502	8
503	8
504	8
505	9
506	8
507	8
508	8
509	8
510	8
511	8
512	8
513	8
514	8
515	8
516	8
517	8
518	8
519	8
520	8
521	8
522	8
523	9
524	8
525	8
526	8
527	8
528	8
529	8
530	8
531	8
532	8
533	8
534	8
535	8
536	8
537	8
538	8
539	8
540	8
541	9
542	8
543	8
544	8
545	8
546	8
547	8
548	8
549	8
550	8
551	8
552	8
553	8
554	8
555	8
556	8
557	8
558	8
559	9
560	8
561	8
562	8
563	8
564	8
565	8
566	8
567	8
568	8
569	8
570	8
571	8
572	8
573	8
574	8
575	8
576	8
577	9
578	8
579	8
580	8
581	8
582	8
583	8
584	8
585	8
586	8
587	8
588	8
589	8
590	8
591	8
592	8
593	8
594	8
595	9
596	8
597	8
598	8
599	8
600	8
601	8
602	8
603	8
604	8
605	8
606	8
607	8
608	8
609	8
610	8
611	8
612	8
613	9
614	8
615	8
616	8
617	8
618	8
619	8
620	8
621	8
622	8
623	8
624	8
625	8
626	8
627	8
628	8
629	8
630	8
631	9
632	8
633	8
634	8
635	8
636	8
637	8
638	8
639	8
640	8
641	8
642	8
643	8
644	8
645	8
646	8
647	8
648	8
649	8
650	8
651	8
652	8
653	8
654	9
655	8
656	8
657	8
658	8
659	8
660	8
661	8
662	8
663	8
664	8
665	8
666	8
667	9
668	8
669	8
670	8
671	8
672	8
673	8
674	8
675	8
676	8
677	8
678	8
679	8
680	8
681	8
682	8
683	8
684	8
685	9
686	8
687	8
688	8
689	8
690	8
691	8
692	8
693	8
694	8
695	8
696	8
697	8
698	8
699	8
700	8
701	8
702	8
703	9
704	8
705	8
706	8
707	8
708	8
709	8
710	8
711	8
712	8
713	8
714	8
715	8
716	8
717	8
718	8
719	8
720	8
721	8
722	8
723	8
724	8
725	8
726	8
727	7
728	8
729	8
730	8
731	8
732	8
733	8
734	8
735	8
736	8
737	8
738	8
739	9
740	8
741	8
742	8
743	8
744	8
745	8
746	8
747	8
748	8
749	8
750	8
751	8
752	8
753	8
754	8
755	8
756	8
757	9
758	8
759	8
760	8
761	8
762	8
763	8
764	8
765	8
766	8
767	8
768	8
769	8
770	8
771	8
772	8
773	8
774	8
775	8
776	8
777	8
778	8
779	8
780	8
781	8
782	8
783	8
784	8
785	8
786	8
787	8
788	8
789	8
790	8
791	8
792	7
793	9
794	8
795	8
796	8
797	8
798	8
799	8
800	8
801	8
802	8
803	8
804	8
805	8
806	8
807	8
808	8
809	8
810	8
811	8
812	8
813	8
814	8
815	8
816	8
817	8
818	8
819	8
820	8
821	7
822	8
823	8
824	7
825	8
826	8
827	8
828	8
829	9
830	8
831	8
832	8
833	8
834	8
835	8
836	8
837	8
838	8
839	8
840	8
841	8
842	8
843	8
844	8
845	8
846	8
847	8
848	8
849	8
850	8
851	8
852	8
853	8
854	8
855	8
856	8
857	8
858	8
859	8
860	8
861	8
862	8
863	8
864	7
865	7
866	8
867	7
868	8
869	8
870	7
871	8
872	8
873	8
874	8
875	8
876	8
877	8
878	8
879	8
880	8
881	8
882	8
883	8
884	8
885	8
886	8
887	8
888	8
889	8
890	8
891	8
892	8
893	7
894	8
895	8
896	8
897	8
898	8
899	8
900	7
901	8
902	8
903	7
904	8
905	8
906	8
907	8
908	8
909	8
910	8
911	8
912	8
913	8
914	8
915	8
916	8
917	8
918	8
919	9
920	8
921	8
922	8
923	8
924	8
925	8
926	8
927	8
928	8
929	8
930	8
931	8
932	8
933	8
934	8
935	8
936	8
937	8
938	8
939	7
940	8
941	8
942	7
943	7
944	8
945	8
946	8
947	8
948	8
949	8
950	8
951	8
952	8
953	8
954	8
955	8
956	8
957	8
958	7
959	8
960	8
961	8
962	8
963	8
964	8
965	8
966	8
967	8
968	8
969	8
970	8
971	8
972	8
973	8
974	8
975	8
976	8
977	8
978	8
979	8
980	8
981	8
982	8
983	8
984	7
985	8
986	8
987	8
988	7
989	7
990	7
991	7
992	7
993	7
994	7
995	7
996	7
997	7
998	8
999	7
1000	7
1001	7
1002	7
1003	7
1004	7
1005	7
1006	7
1007	7
1008	7
1009	8
1010	7
1011	7
1012	7
1013	7
1014	7
1015	7
1016	7
1017	7
1018	7
1019	7
1020	7
1021	7
1022	7
1023	7
1024	7
1025	7
1026	7
1027	8
1028	7
1029	7
1030	7
1031	7
1032	7
1033	7
1034	7
1035	7
1036	7
1037	7
1038	7
1039	7
1040	7
1041	7
1042	7
1043	7
1044	7
1045	8
1046	7
1047	7
1048	7
1049	7
1050	7
1051	7
1052	7
1053	7
1054	7
1055	7
1056	7
1057	7
1058	7
1059	7
1060	7
1061	7
1062	7
1063	8
1064	7
1065	7
1066	7
1067	7
1068	7
1069	7
1070	7
1071	7
1072	7
1073	7
1074	7
1075	7
1076	7
1077	7
1078	7
1079	7
1080	7
1081	8
1082	7
1083	7
1084	7
1085	7
1086	7
1087	7
1088	7
1089	7
1090	7
1091	7
1092	7
1093	7
1094	7
1095	7
1096	7
1097	7
1098	7
1099	8
1100	7
1101	7
1102	7
1103	7
1104	7
1105	7
1106	7
1107	7
1108	7
1109	7
1110	7
1111	7
1112	7
1113	7
1114	7
1115	7
1116	7
1117	8
1118	7
1119	7
1120	7
1121	7
1122	7
1123	7
1124	7
1125	7
1126	7
1127	7
1128	7
1129	7
1130	7
1131	7
1132	7
1133	7
1134	7
1135	8
1136	7
1137	7
1138	7
1139	7
1140	7
1141	7
1142	7
1143	7
1144	7
1145	7
1146	7
1147	7
1148	7
1149	7
1150	7
1151	7
1152	7
1153	8
1154	7
1155	7
1156	7
1157	7
1158	7
1159	7
1160	7
1161	7
1162	7
1163	7
1164	7
1165	7
1166	7
1167	7
1168	7
1169	7
1170	7
1171	8
1172	7
1173	7
1174	7
1175	7
1176	7
1177	7
1178	7
1179	7
1180	7
1181	7
1182	7
1183	7
1184	7
1185	7
1186	7
1187	7
1188	7
1189	8
1190	7
1191	7
1192	7
1193	7
1194	7
1195	7
1196	7
1197	7
1198	7
1199	7
1200	7
1201	7
1202	7
1203	7
1204	7
1205	7
1206	7
1207	7
1208	7
1209	7
1210	7
1211	6
1212	7
1213	6
1214	6
1215	7
1216	6
1217	7
1218	7
1219	6
1220	7
1221	7
1222	6
1223	7
1224	6
1225	7
1226	7
1227	7
1228	7
1229	7
1230	6
1231	7
1232	6
1233	6
1234	6
1235	6
1236	6
1237	6
1238	6
1239	7
1240	7
1241	7
1242	6
1243	7
1244	7
1245	7
1246	7
1247	7
1248	7
1249	7
1250	7
1251	7
1252	7
1253	7
1254	6
1255	7
1256	7
1257	6
1258	7
1259	7
1260	6
1261	8
1262	7
1263	7
1264	7
1265	7
1266	7
1267	7
1268	7
1269	7
1270	7
1271	7
1272	7
1273	7
1274	7
1275	7
1276	7
1277	7
1278	7
1279	7
1280	7
1281	7
1282	7
1283	7
1284	7
1285	7
1286	6
1287	7
1288	7
1289	7
1290	7
1291	7
1292	7
1293	7
1294	7
1295	7
1296	7
1297	7
1298	7
1299	7
1300	7
1301	7
1302	7
1303	7
1304	7
1305	7
1306	7
1307	7
1308	7
1309	7
1310	7
1311	7
1312	7
1313	7
1314	6
1315	7
1316	7
1317	7
1318	7
1319	7
1320	6
1321	7
1322	7
1323	7
1324	7
1325	7
1326	7
1327	7
1328	7
1329	7
1330	7
1331	7
1332	7
1333	8
1334	7
1335	7
1336	7
1337	7
1338	7
1339	7
1340	7
1341	7
1342	7
1343	7
1344	7
1345	7
1346	7
1347	7
1348	7
1349	7
1350	7
1351	6
1352	7
1353	7
1354	6
1355	6
1356	7
1357	7
1358	6
1359	7
1360	6
1361	6
1362	6
1363	6
1364	6
1365	6
1366	6
1367	6
1368	7
1369	7
1370	6
1371	7
1372	6
1373	6
1374	7
1375	6
1376	7
1377	6
1378	6
1379	7
1380	6
1381	6
1382	6
1383	6
1384	6
1385	6
1386	6
1387	7
1388	6
1389	6
1390	7
1391	6
1392	7
1393	6
1394	6
1395	6
1396	6
1397	6
1398	6
1399	6
1400	7
1401	7
1402	7
1403	7
1404	6
1405	7
1406	6
1407	6
1408	6
1409	6
1410	6
1411	7
1412	6
1413	7
1414	6
1415	6
1416	7
1417	6
1418	7
1419	6
1420	6
1421	6
1422	6
1423	7
1424	7
1425	7
1426	7
1427	7
1428	6
1429	7
1430	7
1431	7
1432	7
1433	6
1434	7
1435	7
1436	7
1437	7
1438	7
1439	7
1440	7
1441	7
1442	7
1443	6
1444	7
1445	7
1446	7
1447	7
1448	7
1449	7
1450	7
1451	7
1452	7
1453	7
1454	7
1455	7
1456	7
1457	7
1458	7
1459	7
1460	7
1461	7
1462	7
1463	7
1464	7
1465	7
1466	7
1467	7
1468	7
1469	7
1470	7
1471	7
1472	7
1473	7
1474	6
1475	7
1476	7
1477	7
1478	7
1479	7
1480	7
1481	7
1482	6
1483	6
1484	6
1485	6
1486	7
1487	7
1488	7
1489	6
1490	6
1491	6
1492	6
1493	6
1494	6
1495	6
1496	7
1497	6
1498	6
1499	6
1500	6
1501	6
1502	6
1503	6
1504	6
1505	6
1506	6
1507	6
1508	6
1509	6
1510	6
1511	6
1512	6
1513	6
1514	7
1515	6
1516	6
1517	6
1518	6
1519	6
1520	6
1521	6
1522	6
1523	6
1524	7
1525	6
1526	6
1527	6
1528	6
1529	6
1530	6
1531	7
1532	6
1533	6
1534	6
1535	6
1536	6
1537	6
1538	6
1539	6
1540	6
1541	6
1542	6
1543	6
1544	6
1545	6
1546	6
1547	6
1548	6
1549	6
1550	6
1551	7
1552	6
1553	7
1554	6
1555	6
1556	7
1557	6
1558	6
1559	7
1560	6
1561	6
1562	6
1563	6
1564	6
1565	6
1566	6
1567	6
1568	6
1569	7
1570	6
1571	6
1572	6
1573	6
1574	6
1575	6
1576	6
1577	6
1578	6
1579	6
1580	7
1581	6
1582	6
1583	6
1584	6
1585	7
1586	6
1587	6
1588	6
1589	6
1590	6
1591	6
1592	6
1593	6
1594	6
1595	6
1596	6
1597	6
1598	6
1599	6
1600	6
1601	6
1602	6
1603	7
1604	6
1605	6
1606	6
1607	6
1608	6
1609	6
1610	6
1611	6
1612	6
1613	6
1614	6
1615	6
1616	6
1617	6
1618	6
1619	6
1620	6
1621	7
1622	6
1623	6
1624	6
1625	6
1626	6
1627	6
1628	6
1629	6
1630	6
1631	6
1632	6
1633	6
1634	6
1635	6
1636	6
1637	6
1638	6
1639	7
1640	6
1641	6
1642	6
1643	6
1644	6
1645	6
1646	6
1647	6
1648	6
1649	6
1650	6
1651	6
1652	6
1653	6
1654	6
1655	6
1656	6
1657	7
1658	6
1659	6
1660	6
1661	6
1662	6
1663	6
1664	6
1665	6
1666	6
1667	6
1668	6
1669	6
1670	6
1671	6
1672	6
1673	6
1674	6
1675	7
1676	6
1677	6
1678	6
1679	6
1680	6
1681	6
1682	6
1683	6
1684	6
1685	6
1686	6
1687	6
1688	6
1689	6
1690	6
1691	6
1692	6
1693	7
1694	6
1695	6
1696	6
1697	6
1698	6
1699	6
1700	6
1701	6
1702	6
1703	6
1704	6
1705	6
1706	6
1707	6
1708	6
1709	6
1710	6
1711	7
1712	6
1713	6
1714	6
1715	6
1716	6
1717	6
1718	6
1719	6
1720	6
1721	6
1722	6
1723	6
1724	6
1725	6
1726	6
1727	6
1728	6
1729	7
1730	6
1731	6
1732	6
1733	6
1734	6
1735	6
1736	6
1737	6
1738	6
1739	6
1740	6
1741	6
1742	6
1743	6
1744	6
1745	6
1746	6
1747	7
1748	6
1749	6
1750	6
1751	6
1752	6
1753	6
1754	6
1755	6
1756	6
1757	6
1758	6
1759	6
1760	6
1761	6
1762	6
1763	6
1764	6
1765	7
1766	6
1767	6
1768	6
1769	6
1770	6
1771	6
1772	6
1773	6
1774	6
1775	6
1776	6
1777	6
1778	6
1779	6
1780	6
1781	6
1782	6
1783	7
1784	6
1785	6
1786	6
1787	6
1788	6
1789	6
1790	6
1791	6
1792	6
1793	6
1794	6
1795	6
1796	6
1797	6
1798	6
1799	6
1800	6
1801	7
1802	6
1803	6
1804	6
1805	6
1806	6
1807	6
1808	6
1809	6
1810	6
1811	6
1812	6
1813	6
1814	6
1815	6
1816	6
1817	6
1818	6
1819	7
1820	6
1821	6
1822	6
1823	6
1824	6
1825	6
1826	6
1827	6
1828	6
1829	6
1830	6
1831	6
1832	6
1833	6
1834	6
1835	6
1836	6
1837	6
1838	6
1839	6
1840	6
1841	6
1842	6
1843	6
1844	7
1845	6
1846	6
1847	6
1848	6
1849	6
1850	6
1851	6
1852	6
1853	6
1854	6
1855	7
1856	6
1857	6
1858	6
1859	6
1860	6
1861	6
1862	6
1863	6
1864	6
1865	6
1866	6
1867	6
1868	6
1869	6
1870	6
1871	6
1872	6
1873	7
1874	6
1875	6
1876	6
1877	6
1878	6
1879	6
1880	6
1881	6
1882	6
1883	6
1884	6
1885	6
1886	6
1887	6
1888	6
1889	6
1890	6
1891	7
1892	6
1893	6
1894	6
1895	6
1896	6
1897	6
1898	6
1899	6
1900	6
1901	6
1902	6
1903	6
1904	6
1905	6
1906	6
1907	6
1908	6
1909	7
1910	6
1911	6
1912	6
1913	6
1914	6
1915	6
1916	6
1917	6
1918	6
1919	6
1920	6
1921	6
1922	6
1923	6
1924	6
1925	6
1926	6
1927	7
1928	6
1929	6
1930	6
1931	6
1932	6
1933	6
1934	6
1935	6
1936	6
1937	6
1938	6
1939	6
1940	6
1941	6
1942	6
1943	6
1944	6
1945	7
1946	6
1947	6
1948	6
1949	6
1950	6
1951	6
1952	6
1953	6
1954	6
1955	6
1956	6
1957	6
1958	6
1959	6
1960	6
1961	6
1962	6
1963	7
1964	6
1965	6
1966	6
1967	6
1968	6
1969	6
1970	6
1971	6
1972	6
1973	6
1974	6
1975	6
1976	6
1977	6
1978	6
1979	6
1980	6
1981	6
1982	6
1983	6
1984	6
1985	6
1986	7
1987	6
1988	6
1989	6
1990	6
1991	7
1992	6
1993	7
1994	7
1995	6
1996	6
1997	7
1998	6
1999	7
2000	6
2001	6
2002	6
2003	6
2004	6
2005	6
2006	6
2007	6
2008	6
2009	6
2010	6
2011	6
2012	6
2013	6
2014	6
2015	6
2016	6
2017	7
2018	6
2019	6
2020	6
2021	6
2022	6
2023	6
2024	6
2025	6
2026	6
2027	6
2028	6
2029	6
2030	6
2031	6
2032	6
2033	6
2034	6
2035	7
2036	6
2037	6
2038	6
2039	6
2040	6
2041	6
2042	6
2043	6
2044	6
2045	6
2046	6
2047	6
2048	6
2049	6
2050	6
2051	6
2052	6
2053	7
2054	6
2055	6
2056	6
2057	6
2058	6
2059	6
2060	6
2061	6
2062	6
2063	6
2064	6
2065	6
2066	6
2067	6
2068	6
2069	6
2070	6
2071	6
2072	6
2073	6
2074	7
2075	7
2076	6
2077	7
2078	6
2079	6
2080	6
2081	6
2082	6
2083	6
2084	6
2085	6
2086	6
2087	6
2088	6
2089	7
2090	6
2091	6
2092	6
2093	6
2094	6
2095	6
2096	6
2097	6
2098	6
2099	6
2100	6
2101	6
2102	6
2103	6
2104	6
2105	6
2106	6
2107	7
2108	6
2109	6
2110	6
2111	6
2112	6
2113	6
2114	6
2115	6
2116	6
2117	6
2118	6
2119	6
2120	6
2121	6
2122	6
2123	6
2124	6
2125	7
2126	6
2127	6
2128	6
2129	6
2130	6
2131	6
2132	6
2133	6
2134	6
2135	6
2136	6
2137	6
2138	6
2139	6
2140	6
2141	6
2142	6
2143	7
2144	6
2145	6
2146	6
2147	6
2148	6
2149	6
2150	6
2151	6
2152	6
2153	6
2154	6
2155	6
2156	6
2157	6
2158	6
2159	6
2160	6
2161	7
2162	6
2163	6
2164	6
2165	6
2166	6
2167	6
2168	6
2169	6
2170	6
2171	6
2172	6
2173	6
2174	6
2175	6
2176	6
2177	6
2178	6
2179	7
2180	6
2181	6
2182	6
2183	6
2184	6
2185	6
2186	6
2187	6
2188	6
2189	6
2190	6
2191	6
2192	6
2193	6
2194	6
2195	6
2196	6
2197	7
2198	6
2199	6
2200	6
2201	6
2202	6
2203	6
2204	6
2205	6
2206	6
2207	6
2208	6
2209	6
2210	6
2211	6
2212	6
2213	6
2214	6
2215	7
2216	6
2217	6
2218	6
2219	6
2220	6
2221	6
2222	6
2223	6
2224	6
2225	6
2226	6
2227	6
2228	6
2229	6
2230	6
2231	6
2232	6
2233	7
2234	6
2235	6
2236	6
2237	6
2238	6
2239	6
2240	6
2241	6
2242	6
2243	6
2244	6
2245	6
2246	6
2247	6
2248	6
2249	6
2250	6
2251	7
2252	6
2253	6
2254	6
2255	6
2256	6
2257	6
2258	6
2259	6
2260	6
2261	6
2262	6
2263	6
2264	6
2265	6
2266	6
2267	6
2268	6
2269	7
2270	6
2271	6
2272	6
2273	6
2274	6
2275	6
2276	6
2277	6
2278	6
2279	6
2280	6
2281	6
2282	6
2283	6
2284	6
2285	6
2286	6
2287	7
2288	6
2289	6
2290	6
2291	6
2292	6
2293	6
2294	6
2295	6
2296	6
2297	6
2298	6
2299	6
2300	6
2301	6
2302	6
2303	6
2304	6
2305	7
2306	6
2307	6
2308	6
2309	6
2310	6
2311	6
2312	6
2313	6
2314	6
2315	6
2316	6
2317	6
2318	6
2319	6
2320	6
2321	6
2322	6
2323	7
2324	6
2325	6
2326	6
2327	6
2328	6
2329	6
2330	6
2331	6
2332	6
2333	6
2334	6
2335	6
2336	6
2337	6
2338	6
2339	6
2340	6
2341	7
2342	6
2343	6
2344	6
2345	6
2346	6
2347	6
2348	6
2349	6
2350	6
2351	6
2352	6
2353	6
2354	6
2355	6
2356	6
2357	6
2358	6
2359	7
2360	6
2361	6
2362	6
2363	6
2364	6
2365	6
2366	6
2367	6
2368	6
2369	6
2370	6
2371	6
2372	6
2373	6
2374	6
2375	6
2376	6
2377	7
2378	6
2379	6
2380	6
2381	6
2382	6
2383	6
2384	6
2385	6
2386	6
2387	6
2388	6
2389	6
2390	6
2391	6
2392	6
2393	6
2394	6
2395	7
2396	6
2397	6
2398	6
2399	6
2400	6
2401	6
2402	6
2403	6
2404	6
2405	6
2406	6
2407	6
2408	6
2409	6
2410	6
2411	6
2412	6
2413	7
2414	6
2415	6
2416	6
2417	6
2418	6
2419	6
2420	6
2421	6
2422	6
2423	6
2424	6
2425	6
2426	6
2427	6
2428	6
2429	6
2430	6
2431	7
2432	6
2433	6
2434	6
2435	6
2436	6
2437	6
2438	6
2439	6
2440	6
2441	6
2442	6
2443	6
2444	6
2445	6
2446	6
2447	6
2448	6
2449	7
2450	6
2451	6
2452	6
2453	6
2454	6
2455	6
2456	6
2457	6
2458	6
2459	6
2460	6
2461	6
2462	6
2463	6
2464	6
2465	6
2466	6
2467	7
2468	6
2469	6
2470	6
2471	6
2472	6
2473	6
2474	6
2475	6
2476	6
2477	6
2478	6
2479	6
2480	6
2481	6
2482	6
2483	6
2484	6
2485	7
2486	6
2487	6
2488	6
2489	6
2490	6
2491	6
2492	6
2493	6
2494	6
2495	6
2496	6
2497	6
2498	6
2499	6
2500	6
2501	6
2502	6
2503	7
2504	6
2505	6
2506	6
2507	6
2508	6
2509	6
2510	6
2511	6
2512	6
2513	6
2514	6
2515	6
2516	6
2517	6
2518	6
2519	6
2520	6
2521	7
2522	6
2523	6
2524	6
2525	6
2526	6
2527	6
2528	6
2529	6
2530	6
2531	6
2532	6
2533	6
2534	6
2535	6
2536	6
2537	6
2538	6
2539	7
2540	6
2541	6
2542	6
2543	6
2544	6
2545	6
2546	6
2547	6
2548	6
2549	6
2550	6
2551	6
2552	6
2553	6
2554	6
2555	6
2556	6
2557	7
2558	6
2559	6
2560	6
2561	6
2562	6
2563	6
2564	6
2565	6
2566	6
2567	6
2568	6
2569	6
2570	6
2571	6
2572	6
2573	6
2574	6
2575	7
2576	6
2577	6
2578	6
2579	6
2580	6
2581	6
2582	6
2583	6
2584	6
2585	6
2586	6
2587	6
2588	6
2589	6
2590	6
2591	6
2592	6
2593	7
2594	6
2595	6
2596	6
2597	6
2598	6
2599	6
2600	6
2601	6
2602	6
2603	6
2604	6
2605	6
2606	6
2607	6
2608	6
2609	6
2610	6
2611	7
2612	6
2613	6
2614	6
2615	6
2616	6
2617	6
2618	6
2619	6
2620	6
2621	6
2622	6
2623	6
2624	6
2625	6
2626	6
2627	6
2628	6
2629	7
2630	6
2631	6
2632	6
2633	6
2634	6
2635	6
2636	6
2637	6
2638	6
2639	6
2640	6
2641	6
2642	6
2643	6
2644	6
2645	6
2646	6
2647	7
2648	6
2649	6
2650	6
2651	6
2652	6
2653	6
2654	6
2655	6
2656	6
2657	6
2658	6
2659	6
2660	6
2661	6
2662	6
2663	6
2664	6
2665	7
2666	6
2667	6
2668	6
2669	6
2670	6
2671	6
2672	6
2673	6
2674	6
2675	6
2676	6
2677	6
2678	6
2679	6
2680	6
2681	6
2682	6
2683	7
2684	6
2685	6
2686	6
2687	6
2688	6
2689	6
2690	6
2691	6
2692	6
2693	6
2694	6
2695	6
2696	6
2697	6
2698	6
2699	6
2700	6
2701	7
2702	6
2703	6
2704	6
2705	6
2706	6
2707	6
2708	6
2709	6
2710	6
2711	6
2712	6
2713	6
2714	6
2715	6
2716	6
2717	6
2718	6
2719	7
2720	6
2721	6
2722	6
2723	6
2724	6
2725	6
2726	6
2727	6
2728	6
2729	6
2730	6
2731	6
2732	6
2733	6
2734	6
2735	6
2736	6
2737	7
2738	6
2739	6
2740	6
2741	6
2742	6
2743	6
2744	6
2745	6
2746	6
2747	6
2748	6
2749	6
2750	6
2751	6
2752	6
2753	6
2754	6
2755	7
2756	6
2757	6
2758	6
2759	6
2760	6
2761	6
2762	6
2763	6
2764	6
2765	6
2766	6
2767	6
2768	6
2769	6
2770	6
2771	6
2772	6
2773	7
2774	6
2775	6
2776	6
2777	6
2778	6
2779	6
2780	6
2781	6
2782	6
2783	6
2784	6
2785	6
2786	6
2787	6
2788	6
2789	6
2790	6
2791	7
2792	6
2793	6
2794	6
2795	6
2796	6
2797	6
2798	6
2799	6
2800	6
2801	6
2802	6
2803	6
2804	6
2805	6
2806	6
2807	6
2808	6
2809	7
2810	6
2811	6
2812	6
2813	6
2814	6
2815	6
2816	6
2817	6
2818	6
2819	6
2820	6
2821	6
2822	6
2823	6
2824	6
2825	6
2826	6
2827	7
2828	6
2829	6
2830	6
2831	6
2832	6
2833	6
2834	6
2835	6
2836	6
2837	6
2838	6
2839	6
2840	6
2841	6
2842	6
2843	6
2844	6
2845	7
2846	6
2847	6
2848	6
2849	6
2850	6
2851	6
2852	6
2853	6
2854	6
2855	6
2856	6
2857	6
2858	6
2859	6
2860	6
2861	6
2862	6
2863	6
2864	6
2865	6
2866	6
2867	6
2868	6
2869	6
2870	6
2871	6
2872	6
2873	6
2874	6
2875	6
2876	6
2877	6
2878	6
2879	5
2880	6
2881	6
2882	6
2883	6
2884	5
2885	6
2886	6
2887	6
2888	6
2889	5
2890	6
2891	6
2892	6
2893	6
2894	6
2895	6
2896	6
2897	6
2898	6
2899	7
2900	6
2901	6
2902	6
2903	6
2904	6
2905	6
2906	6
2907	6
2908	6
2909	6
2910	6
2911	6
2912	6
2913	6
2914	6
2915	6
2916	6
2917	7
2918	6
2919	6
2920	6
2921	6
2922	6
2923	6
2924	6
2925	6
2926	6
2927	6
2928	6
2929	6
2930	6
2931	6
2932	6
2933	6
2934	6
2935	7
2936	6
2937	6
2938	6
2939	6
2940	6
2941	6
2942	6
2943	6
2944	6
2945	6
2946	6
2947	6
2948	6
2949	6
2950	6
2951	6
2952	6
2953	7
2954	6
2955	6
2956	6
2957	6
2958	6
2959	6
2960	6
2961	6
2962	6
2963	6
2964	6
2965	6
2966	6
2967	6
2968	6
2969	6
2970	6
2971	7
2972	6
2973	6
2974	6
2975	6
2976	6
2977	6
2978	6
2979	6
2980	6
2981	6
2982	6
2983	6
2984	6
2985	6
2986	6
2987	6
2988	6
2989	6
2990	6
2991	5
2992	6
2993	6
2994	6
2995	6
2996	6
2997	6
2998	6
2999	6
3000	6
3001	5
3002	6
3003	6
3004	6
3005	5
3006	6
3007	6
3008	6
3009	6
3010	6
3011	6
3012	6
3013	6
3014	6
3015	6
3016	6
3017	6
3018	5
3019	6
3020	6
3021	5
3022	6
3023	6
3024	6
3025	6
3026	6
3027	6
3028	6
3029	6
3030	6
3031	6
3032	6
3033	6
3034	6
3035	5
3036	5
3037	6
3038	6
3039	6
3040	6
3041	5
3042	6
3043	6
3044	6
3045	6
3046	6
3047	6
3048	6
3049	6
3050	6
3051	6
3052	6
3053	6
3054	5
3055	6
3056	6
3057	5
3058	6
3059	6
3060	5
3061	6
3062	6
3063	6
3064	6
3065	5
3066	6
3067	5
3068	5
3069	6
3070	5
3071	6
3072	5
3073	5
3074	6
3075	6
3076	6
3077	6
3078	5
3079	6
3080	6
3081	6
3082	6
3083	5
3084	6
3085	6
3086	5
3087	6
3088	5
3089	6
3090	6
3091	5
3092	6
3093	5
3094	5
3095	6
3096	5
3097	6
3098	6
3099	6
3100	6
3101	5
3102	6
3103	6
3104	6
3105	6
3106	5
3107	6
3108	6
3109	6
3110	6
3111	6
3112	6
3113	6
3114	6
3115	6
3116	6
3117	6
3118	6
3119	6
3120	5
3121	6
3122	5
3123	6
3124	6
3125	5
3126	6
3127	6
3128	5
3129	6
3130	5
3131	6
3132	6
3133	6
3134	6
3135	6
3136	5
3137	6
3138	6
3139	6
3140	5
3141	6
3142	6
3143	6
3144	6
3145	6
3146	5
3147	6
3148	5
3149	6
3150	6
3151	5
3152	6
3153	5
3154	6
3155	6
3156	6
3157	6
3158	6
3159	5
3160	6
3161	6
3162	6
3163	6
3164	6
3165	6
3166	5
3167	5
3168	6
3169	5
3170	6
3171	6
3172	6
3173	6
3174	6
3175	6
3176	6
3177	5
3178	6
3179	6
3180	5
3181	6
3182	6
3183	5
3184	5
3185	5
3186	6
3187	6
3188	6
3189	6
3190	5
3191	5
3192	5
3193	5
3194	6
3195	5
3196	6
3197	6
3198	6
3199	6
3200	5
3201	6
3202	6
3203	6
3204	6
3205	6
3206	5
3207	6
3208	6
3209	6
3210	6
3211	6
3212	6
3213	6
3214	6
3215	6
3216	6
3217	6
3218	6
3219	6
3220	6
3221	6
3222	6
3223	7
3224	6
3225	6
3226	6
3227	6
3228	6
3229	6
3230	6
3231	6
3232	6
3233	6
3234	6
3235	6
3236	6
3237	6
3238	6
3239	6
3240	6
3241	7
3242	6
3243	6
3244	6
3245	6
3246	6
3247	6
3248	6
3249	6
3250	6
3251	6
3252	6
3253	6
3254	6
3255	6
3256	6
3257	6
3258	6
3259	6
3260	6
3261	6
3262	6
3263	6
3264	6
3265	6
3266	6
3267	6
3268	6
3269	6
3270	6
3271	5
3272	6
3273	6
3274	6
3275	6
3276	6
3277	7
3278	6
3279	6
3280	6
3281	6
3282	6
3283	6
3284	6
3285	6
3286	6
3287	6
3288	6
3289	6
3290	6
3291	6
3292	6
3293	6
3294	6
3295	7
3296	6
3297	6
3298	6
3299	6
3300	6
3301	6
3302	6
3303	6
3304	6
3305	6
3306	6
3307	6
3308	6
3309	6
3310	6
3311	6
3312	6
3313	7
3314	6
3315	6
3316	6
3317	6
3318	6
3319	6
3320	6
3321	6
3322	6
3323	6
3324	6
3325	6
3326	6
3327	6
3328	6
3329	6
3330	6
3331	7
3332	6
3333	6
3334	6
3335	6
3336	6
3337	6
3338	6
3339	6
3340	6
3341	6
3342	6
3343	6
3344	6
3345	6
3346	6
3347	6
3348	6
3349	6
3350	6
3351	6
3352	6
3353	6
3354	5
3355	6
3356	6
3357	6
3358	6
3359	6
3360	6
3361	6
3362	6
3363	6
3364	5
3365	6
3366	6
3367	6
3368	6
3369	6
3370	5
3371	6
3372	5
3373	6
3374	6
3375	6
3376	6
3377	6
3378	6
3379	6
3380	5
3381	6
3382	6
3383	5
3384	5
3385	5
3386	5
3387	6
3388	5
3389	6
3390	5
3391	5
3392	6
3393	6
3394	6
3395	6
3396	5
3397	6
3398	5
3399	6
3400	6
3401	5
3402	6
3403	5
3404	6
3405	6
3406	6
3407	6
3408	6
3409	6
3410	6
3411	6
3412	6
3413	6
3414	5
3415	6
3416	6
3417	6
3418	6
3419	5
3420	6
3421	5
3422	6
3423	6
3424	5
3425	6
3426	5
3427	5
3428	6
3429	5
3430	6
3431	6
3432	6
3433	6
3434	6
3435	6
3436	6
3437	6
3438	6
3439	7
3440	6
3441	6
3442	6
3443	6
3444	6
3445	6
3446	6
3447	6
3448	6
3449	6
3450	6
3451	6
3452	6
3453	6
3454	6
3455	6
3456	6
3457	6
3458	5
3459	6
3460	5
3461	6
3462	6
3463	5
3464	6
3465	6
3466	6
3467	6
3468	6
3469	6
3470	6
3471	6
3472	6
3473	5
3474	6
3475	6
3476	6
3477	6
3478	6
3479	6
3480	6
3481	6
3482	6
3483	6
3484	6
3485	6
3486	6
3487	6
3488	6
3489	6
3490	6
3491	5
3492	6
3493	6
3494	6
3495	6
3496	6
3497	6
3498	6
3499	5
3500	6
3501	6
3502	6
3503	6
3504	6
3505	6
3506	6
3507	6
3508	6
3509	6
3510	6
3511	5
3512	6
3513	6
3514	5
3515	6
3516	5
3517	6
3518	6
3519	6
3520	6
3521	6
3522	6
3523	6
3524	6
3525	6
3526	6
3527	6
3528	6
3529	6
3530	6
3531	6
3532	6
3533	6
3534	6
3535	6
3536	6
3537	6
3538	6
3539	5
3540	5
3541	6
3542	5
3543	6
3544	6
3545	5
3546	5
3547	5
3548	6
3549	5
3550	5
3551	6
3552	5
3553	6
3554	6
3555	5
3556	6
3557	5
3558	5
3559	6
3560	6
3561	5
3562	5
3563	5
3564	6
3565	5
3566	6
3567	6
3568	6
3569	6
3570	6
3571	6
3572	6
3573	5
3574	5
3575	5
3576	5
3577	5
3578	5
3579	6
3580	5
3581	6
3582	6
3583	5
3584	5
3585	6
3586	5
3587	6
3588	5
3589	5
3590	5
3591	5
3592	5
3593	6
3594	5
3595	5
3596	5
3597	5
3598	6
3599	5
3600	6
3601	5
3602	5
3603	5
3604	5
3605	6
3606	6
3607	5
3608	5
3609	5
3610	6
3611	6
3612	5
3613	5
3614	5
3615	5
3616	6
3617	5
3618	6
3619	5
3620	5
3621	5
3622	6
3623	5
3624	5
3625	5
3626	5
3627	5
3628	5
3629	5
3630	5
3631	5
3632	5
3633	5
3634	6
3635	5
3636	5
3637	5
3638	5
3639	5
3640	5
3641	5
3642	5
3643	5
3644	5
3645	5
3646	5
3647	6
3648	5
3649	5
3650	5
3651	5
3652	5
3653	5
3654	5
3655	6
3656	5
3657	5
3658	5
3659	5
3660	5
3661	5
3662	5
3663	5
3664	5
3665	5
3666	5
3667	5
3668	5
3669	5
3670	5
3671	5
3672	5
3673	6
3674	5
3675	5
3676	5
3677	5
3678	5
3679	5
3680	5
3681	5
3682	5
3683	5
3684	5
3685	5
3686	5
3687	5
3688	5
3689	5
3690	5
3691	6
3692	5
3693	5
3694	5
3695	5
3696	5
3697	5
3698	5
3699	5
3700	5
3701	5
3702	5
3703	5
3704	5
3705	5
3706	5
3707	5
3708	5
3709	6
3710	5
3711	5
3712	5
3713	5
3714	5
3715	5
3716	5
3717	5
3718	5
3719	5
3720	5
3721	5
3722	5
3723	5
3724	5
3725	5
3726	5
3727	5
3728	5
3729	5
3730	5
3731	5
3732	5
3733	5
3734	5
3735	5
3736	5
3737	5
3738	5
3739	5
3740	5
3741	5
3742	5
3743	6
3744	5
3745	5
3746	5
3747	5
3748	6
3749	5
3750	5
3751	5
3752	5
3753	5
3754	5
3755	5
3756	5
3757	5
3758	5
3759	5
3760	5
3761	5
3762	5
3763	6
3764	5
3765	5
3766	5
3767	5
3768	5
3769	5
3770	5
3771	5
3772	5
3773	5
3774	6
3775	5
3776	5
3777	5
3778	5
3779	5
3780	5
3781	6
3782	5
3783	5
3784	6
3785	5
3786	5
3787	6
3788	6
3789	6
3790	6
3791	5
3792	6
3793	6
3794	6
3795	6
3796	5
3797	6
3798	5
3799	6
3800	6
3801	5
3802	6
3803	5
3804	5
3805	6
3806	5
3807	6
3808	6
3809	5
3810	6
3811	5
3812	5
3813	6
3814	6
3815	5
3816	5
3817	6
3818	6
3819	5
3820	6
3821	6
3822	5
3823	5
3824	5
3825	5
3826	6
3827	5
3828	5
3829	5
3830	5
3831	5
3832	5
3833	6
3834	6
3835	5
3836	6
3837	5
3838	6
3839	5
3840	5
3841	5
3842	5
3843	5
3844	5
3845	5
3846	5
3847	5
3848	5
3849	5
3850	5
3851	6
3852	5
3853	5
3854	5
3855	5
3856	5
3857	5
3858	5
3859	5
3860	5
3861	5
3862	6
3863	5
3864	5
3865	5
3866	5
3867	5
3868	5
3869	5
3870	5
3871	6
3872	5
3873	5
3874	5
3875	5
3876	5
3877	5
3878	5
3879	5
3880	5
3881	5
3882	5
3883	5
3884	5
3885	5
3886	5
3887	5
3888	5
3889	5
3890	5
3891	5
3892	5
3893	5
3894	5
3895	5
3896	5
3897	5
3898	5
3899	5
3900	6
3901	5
3902	5
3903	6
3904	5
3905	5
3906	6
3907	5
3908	5
3909	5
3910	5
3911	6
3912	5
3913	6
3914	5
3915	5
3916	6
3917	5
3918	5
3919	6
3920	5
3921	5
3922	5
3923	5
3924	6
3925	5
3926	6
3927	5
3928	5
3929	5
3930	5
3931	6
3932	6
3933	5
3934	6
3935	6
3936	5
3937	6
3938	6
3939	6
3940	5
3941	6
3942	6
3943	6
3944	5
3945	6
3946	6
3947	6
3948	5
3949	6
3950	6
3951	6
3952	6
3953	6
3954	6
3955	6
3956	6
3957	6
3958	6
3959	6
3960	6
3961	6
3962	6
3963	6
3964	6
3965	6
3966	6
3967	6
3968	6
3969	6
3970	6
3971	6
3972	6
3973	6
3974	6
3975	6
3976	5
3977	5
3978	6
3979	5
3980	6
3981	6
3982	5
3983	6
3984	5
3985	5
3986	6
3987	6
3988	6
3989	5
3990	5
3991	6
3992	5
3993	6
3994	6
3995	5
3996	6
3997	6
3998	6
3999	6
4000	6
4001	6
4002	5
4003	5
4004	6
4005	5
4006	6
4007	5
4008	6
4009	6
4010	5
4011	6
4012	5
4013	6
4014	6
4015	5
4016	6
4017	5
4018	5
4019	6
4020	5
4021	5
4022	5
4023	5
4024	5
4025	5
4026	6
4027	6
4028	6
4029	5
4030	5
4031	5
4032	6
4033	6
4034	5
4035	5
4036	5
4037	6
4038	5
4039	6
4040	5
4041	5
4042	6
4043	6
4044	6
4045	5
4046	5
4047	6
4048	5
4049	5
4050	5
4051	5
4052	6
4053	5
4054	6
4055	5
4056	5
4057	5
4058	5
4059	6
4060	5
4061	5
4062	6
4063	5
4064	6
4065	5
4066	5
4067	6
4068	5
4069	5
4070	5
4071	5
4072	5
4073	5
4074	5
4075	5
4076	5
4077	6
4078	6
4079	5
4080	5
4081	5
4082	5
4083	5
4084	5
4085	5
4086	5
4087	5
4088	6
4089	5
4090	6
4091	6
4092	5
4093	5
4094	5
4095	5
4096	5
4097	6
4098	6
4099	5
4100	6
4101	6
4102	6
4103	6
4104	5
4105	6
4106	5
4107	5
4108	6
4109	6
4110	5
4111	6
4112	6
4113	6
4114	5
4115	5
4116	6
4117	5
4118	5
4119	6
4120	5
4121	5
4122	5
4123	5
4124	5
4125	5
4126	5
4127	5
4128	5
4129	5
4130	5
4131	5
4132	5
4133	5
4134	5
4135	5
4136	5
4137	5
4138	5
4139	6
4140	5
4141	5
4142	6
4143	5
4144	5
4145	5
4146	5
4147	5
4148	5
4149	5
4150	6
4151	5
4152	6
4153	5
4154	5
4155	6
4156	5
4157	6
4158	6
4159	5
4160	6
4161	6
4162	5
4163	6
4164	5
4165	6
4166	6
4167	6
4168	6
4169	5
4170	6
4171	6
4172	5
4173	5
4174	5
4175	5
4176	6
4177	5
4178	6
4179	6
4180	6
4181	6
4182	6
4183	6
4184	6
4185	6
4186	6
4187	6
4188	6
4189	6
4190	6
4191	6
4192	6
4193	6
4194	6
4195	6
4196	6
4197	6
4198	6
4199	6
4200	6
4201	5
4202	6
4203	6
4204	6
4205	6
4206	5
4207	5
4208	6
4209	5
4210	6
4211	5
4212	5
4213	6
4214	5
4215	6
4216	6
4217	6
4218	6
4219	6
4220	5
4221	6
4222	6
4223	6
4224	5
4225	6
4226	6
4227	6
4228	6
4229	6
4230	6
4231	6
4232	6
4233	5
4234	6
4235	5
4236	6
4237	6
4238	5
4239	6
4240	6
4241	6
4242	6
4243	5
4244	6
4245	6
4246	5
4247	6
4248	6
4249	6
4250	6
4251	5
4252	5
4253	5
4254	6
4255	5
4256	6
4257	6
4258	5
4259	5
4260	5
4261	6
4262	5
4263	6
4264	5
4265	6
4266	6
4267	6
4268	6
4269	6
4270	6
4271	6
4272	5
4273	5
4274	6
4275	6
4276	6
4277	5
4278	6
4279	5
4280	5
4281	5
4282	6
4283	6
4284	5
4285	6
4286	6
4287	5
4288	6
4289	6
4290	6
4291	6
4292	6
4293	6
4294	6
4295	6
4296	6
4297	6
4298	6
4299	6
4300	6
4301	6
4302	6
4303	7
4304	6
4305	6
4306	6
4307	6
4308	6
4309	6
4310	6
4311	6
4312	6
4313	6
4314	6
4315	6
4316	6
4317	6
4318	6
4319	6
4320	6
4321	5
4322	6
4323	6
4324	6
4325	6
4326	6
4327	6
4328	6
4329	5
4330	6
4331	6
4332	6
4333	6
4334	6
4335	6
4336	5
4337	6
4338	5
4339	6
4340	5
4341	6
4342	6
4343	6
4344	6
4345	5
4346	6
4347	5
4348	6
4349	6
4350	6
4351	5
4352	5
4353	6
4354	6
4355	6
4356	6
4357	6
4358	6
4359	5
4360	6
4361	6
4362	5
4363	6
4364	5
4365	6
4366	6
4367	6
4368	6
4369	6
4370	6
4371	6
4372	6
4373	6
4374	6
4375	6
4376	6
4377	6
4378	6
4379	6
4380	6
4381	6
4382	6
4383	6
4384	6
4385	6
4386	6
4387	6
4388	6
4389	6
4390	5
4391	6
4392	5
4393	6
4394	6
4395	6
4396	6
4397	6
4398	6
4399	6
4400	6
4401	6
4402	6
4403	6
4404	6
4405	6
4406	6
4407	6
4408	5
4409	6
4410	6
4411	5
4412	6
4413	6
4414	6
4415	6
4416	6
4417	6
4418	6
4419	6
4420	6
4421	6
4422	6
4423	5
4424	6
4425	6
4426	5
4427	6
4428	5
4429	6
4430	6
4431	6
4432	6
4433	6
4434	5
4435	6
4436	6
4437	6
4438	6
4439	6
4440	6
4441	6
4442	6
4443	6
4444	5
4445	6
4446	6
4447	6
4448	6
4449	6
4450	6
4451	6
4452	6
4453	6
4454	5
4455	6
4456	6
4457	5
4458	6
4459	6
4460	6
4461	6
4462	5
4463	6
4464	6
4465	5
4466	5
4467	5
4468	5
4469	6
4470	6
4471	6
4472	6
4473	6
4474	6
4475	5
4476	6
4477	5
4478	5
4479	5
4480	5
4481	6
4482	5
4483	5
4484	5
4485	6
4486	6
4487	6
4488	6
4489	6
4490	6
4491	6
4492	5
4493	6
4494	6
4495	6
4496	5
4497	6
4498	6
4499	5
4500	6
4501	6
4502	6
4503	6
4504	5
4505	6
4506	5
4507	5
4508	6
4509	5
4510	6
4511	5
4512	5
4513	6
4514	5
4515	6
4516	6
4517	5
4518	6
4519	5
4520	5
4521	5
4522	5
4523	5
4524	6
4525	5
4526	5
4527	5
4528	5
4529	5
4530	5
4531	5
4532	5
4533	5
4534	5
4535	5
4536	5
4537	5
4538	5
4539	5
4540	5
4541	5
4542	5
4543	5
4544	5
4545	5
4546	6
4547	5
4548	5
4549	5
4550	5
4551	5
4552	5
4553	5
4554	5
4555	5
4556	5
4557	5
4558	6
4559	6
4560	6
4561	5
4562	5
4563	5
4564	5
4565	5
4566	5
4567	5
4568	5
4569	5
4570	5
4571	5
4572	6
4573	5
4574	6
4575	6
4576	5
4577	5
4578	5
4579	6
4580	5
4581	5
4582	5
4583	5
4584	5
4585	5
4586	6
4587	5
4588	6
4589	5
4590	5
4591	5
4592	5
4593	6
4594	6
4595	5
4596	6
4597	5
4598	5
4599	5
4600	5
4601	5
4602	6
4603	6
4604	6
4605	6
4606	6
4607	6
4608	5
4609	5
4610	5
4611	5
4612	5
4613	5
4614	5
4615	5
4616	6
4617	6
4618	5
4619	6
4620	5
4621	5
4622	5
4623	5
4624	6
4625	5
4626	5
4627	6
4628	6
4629	6
4630	6
4631	6
4632	6
4633	5
4634	5
4635	5
4636	5
4637	6
4638	5
4639	5
4640	5
4641	5
4642	6
4643	5
4644	5
4645	6
4646	5
4647	5
4648	5
4649	5
4650	5
4651	5
4652	5
4653	5
4654	5
4655	5
4656	6
4657	5
4658	6
4659	5
4660	5
4661	5
4662	5
4663	5
4664	6
4665	5
4666	5
4667	5
4668	5
4669	6
4670	5
4671	5
4672	5
4673	5
4674	6
4675	6
4676	5
4677	5
4678	5
4679	6
4680	5
4681	5
4682	5
4683	5
4684	6
4685	6
4686	5
4687	6
4688	5
4689	5
4690	6
4691	5
4692	5
4693	5
4694	5
4695	5
4696	5
4697	6
4698	5
4699	6
4700	6
4701	5
4702	6
4703	6
4704	5
4705	6
4706	6
4707	5
4708	6
4709	5
4710	6
4711	6
4712	5
4713	5
4714	5
4715	5
4716	6
4717	6
4718	6
4719	6
4720	6
4721	6
4722	5
4723	6
4724	6
4725	6
4726	6
4727	5
4728	5
4729	6
4730	6
4731	5
4732	6
4733	6
4734	6
4735	6
4736	6
4737	6
4738	6
4739	6
4740	6
4741	6
4742	6
4743	5
4744	5
4745	5
4746	6
4747	6
4748	5
4749	6
4750	5
4751	5
4752	5
4753	5
4754	5
4755	5
4756	5
4757	5
4758	5
4759	5
4760	6
4761	5
4762	5
4763	5
4764	5
4765	6
4766	5
4767	6
4768	5
4769	6
4770	6
4771	5
4772	5
4773	6
4774	5
4775	5
4776	5
4777	5
4778	5
4779	5
4780	5
4781	5
4782	5
4783	6
4784	5
4785	5
4786	5
4787	5
4788	6
4789	6
4790	6
4791	6
4792	5
4793	5
4794	5
4795	5
4796	5
4797	5
4798	5
4799	5
4800	5
4801	5
4802	5
4803	5
4804	6
4805	5
4806	5
4807	5
4808	5
4809	5
4810	5
4811	5
4812	5
4813	5
4814	5
4815	5
4816	5
4817	6
4818	5
4819	6
4820	5
4821	5
4822	5
4823	5
4824	5
4825	5
4826	5
4827	5
4828	5
4829	6
4830	6
4831	5
4832	5
4833	5
4834	5
4835	5
4836	5
4837	6
4838	6
4839	5
4840	6
4841	5
4842	5
4843	5
4844	5
4845	6
4846	5
4847	5
4848	5
4849	5
4850	5
4851	6
4852	5
4853	5
4854	5
4855	5
4856	5
4857	5
4858	5
4859	5
4860	5
4861	6
4862	5
4863	5
4864	5
4865	5
4866	5
4867	5
4868	5
4869	5
4870	5
4871	5
4872	5
4873	5
4874	5
4875	5
4876	5
4877	5
4878	5
4879	6
4880	5
4881	5
4882	5
4883	5
4884	5
4885	5
4886	5
4887	5
4888	5
4889	5
4890	5
4891	5
4892	5
4893	5
4894	5
4895	5
4896	5
4897	6
4898	5
4899	5
4900	5
4901	5
4902	5
4903	5
4904	5
4905	5
4906	5
4907	5
4908	5
4909	5
4910	5
4911	5
4912	5
4913	5
4914	5
4915	6
4916	5
4917	5
4918	5
4919	5
4920	5
4921	5
4922	5
4923	5
4924	5
4925	5
4926	5
4927	5
4928	5
4929	5
4930	5
4931	5
4932	5
4933	5
4934	5
4935	6
4936	5
4937	5
4938	5
4939	5
4940	6
4941	5
4942	5
4943	5
4944	5
4945	5
4946	5
4947	5
4948	5
4949	5
4950	5
4951	6
4952	5
4953	5
4954	5
4955	5
4956	5
4957	5
4958	5
4959	5
4960	5
4961	5
4962	5
4963	5
4964	5
4965	5
4966	5
4967	5
4968	5
4969	6
4970	5
4971	5
4972	5
4973	5
4974	5
4975	5
4976	5
4977	5
4978	5
4979	5
4980	5
4981	5
4982	5
4983	5
4984	5
4985	5
4986	5
4987	6
4988	5
4989	5
4990	5
4991	5
4992	5
4993	5
4994	5
4995	5
4996	5
4997	5
4998	5
4999	5
5000	5
5001	5
5002	5
5003	5
5004	5
5005	6
5006	5
5007	5
5008	5
5009	5
5010	5
5011	5
5012	5
5013	5
5014	5
5015	5
5016	5
5017	5
5018	5
5019	5
5020	5
5021	5
5022	5
5023	6
5024	5
5025	5
5026	5
5027	5
5028	5
5029	5
5030	5
5031	5
5032	5
5033	5
5034	5
5035	5
5036	5
5037	5
5038	5
5039	5
5040	5
5041	6
5042	5
5043	5
5044	5
5045	5
5046	5
5047	5
5048	5
5049	5
5050	5
5051	5
5052	5
5053	5
5054	5
5055	5
5056	5
5057	5
5058	5
5059	6
5060	5
5061	5
5062	5
5063	5
5064	5
5065	5
5066	5
5067	5
5068	5
5069	5
5070	5
5071	5
5072	5
5073	5
5074	5
5075	5
5076	5
5077	6
5078	5
5079	5
5080	5
5081	5
5082	5
5083	5
5084	5
5085	5
5086	5
5087	5
5088	5
5089	5
5090	5
5091	5
5092	5
5093	5
5094	5
5095	6
5096	5
5097	5
5098	5
5099	5
5100	5
5101	5
5102	5
5103	5
5104	5
5105	5
5106	5
5107	5
5108	5
5109	5
5110	5
5111	5
5112	5
5113	6
5114	5
5115	5
5116	5
5117	5
5118	5
5119	5
5120	5
5121	5
5122	5
5123	5
5124	5
5125	5
5126	5
5127	5
5128	5
5129	5
5130	5
5131	6
5132	5
5133	5
5134	5
5135	5
5136	5
5137	5
5138	5
5139	5
5140	5
5141	5
5142	5
5143	5
5144	5
5145	5
5146	5
5147	5
5148	5
5149	6
5150	5
5151	5
5152	5
5153	5
5154	5
5155	5
5156	5
5157	5
5158	5
5159	5
5160	5
5161	5
5162	5
5163	5
5164	5
5165	5
5166	5
5167	6
5168	5
5169	5
5170	5
5171	5
5172	5
5173	5
5174	5
5175	5
5176	5
5177	5
5178	5
5179	5
5180	5
5181	5
5182	5
5183	5
5184	5
5185	6
5186	5
5187	5
5188	5
5189	5
5190	5
5191	5
5192	5
5193	5
5194	5
5195	5
5196	5
5197	5
5198	5
5199	5
5200	5
5201	5
5202	5
5203	6
5204	5
5205	5
5206	5
5207	5
5208	5
5209	5
5210	5
5211	5
5212	5
5213	5
5214	5
5215	5
5216	5
5217	5
5218	5
5219	5
5220	5
5221	6
5222	5
5223	5
5224	5
5225	5
5226	5
5227	5
5228	5
5229	5
5230	5
5231	5
5232	5
5233	5
5234	5
5235	5
5236	5
5237	5
5238	5
5239	6
5240	5
5241	5
5242	5
5243	5
5244	5
5245	5
5246	5
5247	5
5248	5
5249	5
5250	5
5251	5
5252	5
5253	5
5254	5
5255	5
5256	5
5257	6
5258	5
5259	5
5260	5
5261	5
5262	5
5263	5
5264	5
5265	5
5266	5
5267	5
5268	5
5269	5
5270	5
5271	5
5272	5
5273	5
5274	5
5275	6
5276	5
5277	5
5278	5
5279	5
5280	5
5281	5
5282	5
5283	5
5284	5
5285	5
5286	5
5287	5
5288	5
5289	5
5290	5
5291	5
5292	5
5293	6
5294	5
5295	5
5296	5
5297	5
5298	5
5299	5
5300	5
5301	5
5302	5
5303	5
5304	5
5305	5
5306	5
5307	5
5308	5
5309	5
5310	5
5311	6
5312	5
5313	5
5314	5
5315	5
5316	5
5317	5
5318	5
5319	5
5320	5
5321	5
5322	5
5323	5
5324	5
5325	5
5326	5
5327	5
5328	5
5329	6
5330	5
5331	5
5332	5
5333	5
5334	5
5335	5
5336	5
5337	5
5338	5
5339	5
5340	5
5341	5
5342	5
5343	5
5344	5
5345	5
5346	5
5347	6
5348	5
5349	5
5350	5
5351	5
5352	5
5353	5
5354	5
5355	5
5356	5
5357	5
5358	5
5359	5
5360	5
5361	5
5362	5
5363	5
5364	5
5365	6
5366	5
5367	5
5368	5
5369	5
5370	5
5371	5
5372	5
5373	5
5374	5
5375	5
5376	5
5377	5
5378	5
5379	5
5380	5
5381	5
5382	5
5383	6
5384	5
5385	5
5386	5
5387	5
5388	5
5389	5
5390	5
5391	5
5392	5
5393	5
5394	5
5395	5
5396	5
5397	5
5398	5
5399	5
5400	5
5401	6
5402	5
5403	5
5404	5
5405	5
5406	5
5407	5
5408	5
5409	5
5410	5
5411	5
5412	5
5413	5
5414	5
5415	5
5416	5
5417	5
5418	5
5419	6
5420	5
5421	5
5422	5
5423	5
5424	5
5425	5
5426	5
5427	5
5428	5
5429	5
5430	5
5431	5
5432	5
5433	5
5434	5
5435	5
5436	5
5437	6
5438	5
5439	5
5440	5
5441	5
5442	5
5443	5
5444	5
5445	5
5446	5
5447	5
5448	5
5449	5
5450	5
5451	5
5452	5
5453	5
5454	5
5455	6
5456	5
5457	5
5458	5
5459	5
5460	5
5461	5
5462	5
5463	5
5464	5
5465	5
5466	5
5467	5
5468	5
5469	5
5470	5
5471	5
5472	5
5473	6
5474	5
5475	5
5476	5
5477	5
5478	5
5479	5
5480	5
5481	5
5482	5
5483	5
5484	5
5485	5
5486	5
5487	5
5488	5
5489	5
5490	5
5491	6
5492	5
5493	5
5494	5
5495	5
5496	5
5497	5
5498	5
5499	5
5500	5
5501	5
5502	5
5503	5
5504	5
5505	5
5506	5
5507	5
5508	5
5509	6
5510	5
5511	5
5512	5
5513	5
5514	5
5515	5
5516	5
5517	5
5518	5
5519	5
5520	5
5521	5
5522	5
5523	5
5524	5
5525	5
5526	5
5527	6
5528	5
5529	5
5530	5
5531	5
5532	5
5533	5
5534	5
5535	5
5536	5
5537	5
5538	5
5539	5
5540	5
5541	5
5542	5
5543	5
5544	5
5545	6
5546	5
5547	5
5548	5
5549	5
5550	5
5551	5
5552	5
5553	5
5554	5
5555	5
5556	5
5557	5
5558	5
5559	5
5560	5
5561	5
5562	5
5563	6
5564	5
5565	5
5566	5
5567	5
5568	5
5569	5
5570	5
5571	5
5572	5
5573	5
5574	5
5575	5
5576	5
5577	5
5578	5
5579	5
5580	5
5581	6
5582	5
5583	5
5584	5
5585	5
5586	5
5587	5
5588	5
5589	5
5590	5
5591	5
5592	5
5593	5
5594	5
5595	5
5596	5
5597	5
5598	5
5599	6
5600	5
5601	5
5602	5
5603	5
5604	5
5605	5
5606	5
5607	5
5608	5
5609	5
5610	5
5611	5
5612	5
5613	5
5614	5
5615	5
5616	5
5617	6
5618	5
5619	5
5620	5
5621	5
5622	5
5623	5
5624	5
5625	5
5626	5
5627	5
5628	5
5629	5
5630	5
5631	5
5632	5
5633	5
5634	5
5635	6
5636	5
5637	5
5638	5
5639	5
5640	5
5641	5
5642	5
5643	5
5644	5
5645	5
5646	5
5647	5
5648	5
5649	5
5650	5
5651	5
5652	5
5653	6
5654	5
5655	5
5656	5
5657	5
5658	5
5659	5
5660	5
5661	5
5662	5
5663	5
5664	5
5665	5
5666	5
5667	5
5668	5
5669	5
5670	5
5671	6
5672	5
5673	5
5674	5
5675	5
5676	5
5677	5
5678	5
5679	5
5680	5
5681	5
5682	5
5683	5
5684	5
5685	5
5686	5
5687	5
5688	5
5689	6
5690	5
5691	5
5692	5
5693	5
5694	5
5695	5
5696	5
5697	5
5698	5
5699	5
5700	5
5701	5
5702	5
5703	5
5704	5
5705	5
5706	5
5707	6
5708	5
5709	5
5710	5
5711	5
5712	5
5713	5
5714	5
5715	5
5716	5
5717	5
5718	5
5719	5
5720	5
5721	5
5722	5
5723	5
5724	5
5725	6
5726	5
5727	5
5728	5
5729	5
5730	5
5731	5
5732	5
5733	5
5734	5
5735	5
5736	5
5737	5
5738	5
5739	5
5740	5
5741	5
5742	5
5743	6
5744	5
5745	5
5746	5
5747	5
5748	5
5749	5
5750	5
5751	5
5752	5
5753	5
5754	5
5755	5
5756	5
5757	5
5758	5
5759	5
5760	5
5761	6
5762	5
5763	5
5764	5
5765	5
5766	5
5767	5
5768	5
5769	5
5770	5
5771	5
5772	5
5773	5
5774	5
5775	5
5776	5
5777	5
5778	5
5779	6
5780	5
5781	5
5782	5
5783	5
5784	5
5785	5
5786	5
5787	5
5788	5
5789	5
5790	5
5791	5
5792	5
5793	5
5794	5
5795	5
5796	5
5797	6
5798	5
5799	5
5800	5
5801	5
5802	5
5803	5
5804	5
5805	5
5806	5
5807	5
5808	5
5809	5
5810	5
5811	5
5812	5
5813	5
5814	5
5815	6
5816	5
5817	5
5818	5
5819	5
5820	5
5821	5
5822	5
5823	5
5824	5
5825	5
5826	5
5827	5
5828	5
5829	5
5830	5
5831	5
5832	5
5833	6
5834	5
5835	5
5836	5
5837	5
5838	5
5839	5
5840	5
5841	5
5842	5
5843	5
5844	5
5845	5
5846	5
5847	5
5848	5
5849	5
5850	5
5851	6
5852	5
5853	5
5854	5
5855	5
5856	5
5857	5
5858	5
5859	5
5860	5
5861	5
5862	5
5863	5
5864	5
5865	5
5866	5
5867	5
5868	5
5869	6
5870	5
5871	5
5872	5
5873	5
5874	5
5875	5
5876	5
5877	5
5878	5
5879	5
5880	5
5881	5
5882	5
5883	5
5884	5
5885	5
5886	5
5887	6
5888	5
5889	5
5890	5
5891	5
5892	5
5893	5
5894	5
5895	5
5896	5
5897	5
5898	5
5899	5
5900	5
5901	5
5902	5
5903	5
5904	5
5905	6
5906	5
5907	5
5908	5
5909	5
5910	5
5911	5
5912	5
5913	5
5914	5
5915	5
5916	5
5917	5
5918	5
5919	5
5920	5
5921	5
5922	5
5923	6
5924	5
5925	5
5926	5
5927	5
5928	5
5929	5
5930	5
5931	5
5932	5
5933	5
5934	5
5935	5
5936	5
5937	5
5938	5
5939	5
5940	5
5941	5
5942	5
5943	5
5944	4
5945	5
5946	5
5947	5
5948	5
5949	5
5950	5
5951	5
5952	5
5953	5
5954	5
5955	5
5956	5
5957	5
5958	5
5959	6
5960	5
5961	5
5962	5
5963	5
5964	5
5965	5
5966	5
5967	5
5968	5
5969	5
5970	5
5971	5
5972	5
5973	5
5974	5
5975	5
5976	5
5977	6
5978	5
5979	5
5980	5
5981	5
5982	5
5983	5
5984	5
5985	5
5986	5
5987	5
5988	5
5989	5
5990	5
5991	5
5992	5
5993	5
5994	5
5995	6
5996	5
5997	5
5998	5
5999	5
6000	5
6001	5
6002	5
6003	5
6004	5
6005	5
6006	5
6007	5
6008	5
6009	5
6010	5
6011	5
6012	5
6013	6
6014	5
6015	5
6016	5
6017	5
6018	5
6019	5
6020	5
6021	5
6022	5
6023	5
6024	5
6025	5
6026	5
6027	5
6028	5
6029	5
6030	5
6031	6
6032	5
6033	5
6034	5
6035	5
6036	5
6037	5
6038	5
6039	5
6040	5
6041	5
6042	5
6043	5
6044	5
6045	5
6046	5
6047	5
6048	5
6049	5
6050	5
6051	5
6052	5
6053	5
6054	5
6055	5
6056	5
6057	5
6058	5
6059	5
6060	5
6061	5
6062	5
6063	5
6064	4
6065	5
6066	4
6067	6
6068	5
6069	5
6070	5
6071	5
6072	5
6073	5
6074	5
6075	5
6076	5
6077	5
6078	5
6079	5
6080	5
6081	5
6082	5
6083	5
6084	5
6085	5
6086	5
6087	5
6088	5
6089	5
6090	4
6091	5
6092	5
6093	5
6094	5
6095	5
6096	5
6097	5
6098	5
6099	5
6100	5
6101	5
6102	5
6103	6
6104	5
6105	5
6106	5
6107	5
6108	5
6109	5
6110	5
6111	5
6112	5
6113	5
6114	5
6115	5
6116	5
6117	5
6118	5
6119	5
6120	5
6121	6
6122	5
6123	5
6124	5
6125	5
6126	5
6127	5
6128	5
6129	5
6130	5
6131	5
6132	5
6133	5
6134	5
6135	5
6136	5
6137	5
6138	5
6139	5
6140	5
6141	5
6142	5
6143	5
6144	5
6145	5
6146	5
6147	5
6148	5
6149	5
6150	5
6151	5
6152	5
6153	4
6154	5
6155	5
6156	5
6157	6
6158	5
6159	5
6160	5
6161	5
6162	5
6163	5
6164	5
6165	5
6166	5
6167	5
6168	5
6169	5
6170	5
6171	5
6172	5
6173	5
6174	5
6175	6
6176	5
6177	5
6178	5
6179	5
6180	5
6181	5
6182	5
6183	5
6184	5
6185	5
6186	5
6187	5
6188	5
6189	5
6190	5
6191	5
6192	5
6193	6
6194	5
6195	5
6196	5
6197	5
6198	5
6199	5
6200	5
6201	5
6202	5
6203	5
6204	5
6205	5
6206	5
6207	5
6208	5
6209	5
6210	5
6211	6
6212	5
6213	5
6214	5
6215	5
6216	5
6217	5
6218	5
6219	5
6220	5
6221	5
6222	5
6223	5
6224	5
6225	5
6226	5
6227	5
6228	5
6229	6
6230	5
6231	5
6232	5
6233	5
6234	5
6235	5
6236	5
6237	5
6238	5
6239	5
6240	5
6241	5
6242	5
6243	5
6244	5
6245	5
6246	5
6247	5
6248	5
6249	5
6250	5
6251	5
6252	5
6253	4
6254	5
6255	5
6256	5
6257	5
6258	5
6259	5
6260	5
6261	5
6262	5
6263	5
6264	5
6265	6
6266	5
6267	5
6268	5
6269	5
6270	5
6271	5
6272	5
6273	5
6274	5
6275	5
6276	5
6277	5
6278	5
6279	5
6280	5
6281	5
6282	5
6283	5
6284	5
6285	5
6286	5
6287	4
6288	5
6289	5
6290	5
6291	5
6292	5
6293	5
6294	5
6295	5
6296	5
6297	5
6298	5
6299	5
6300	5
6301	5
6302	5
6303	5
6304	5
6305	5
6306	5
6307	4
6308	5
6309	5
6310	4
6311	5
6312	4
6313	4
6314	5
6315	5
6316	5
6317	5
6318	5
6319	5
6320	5
6321	5
6322	5
6323	5
6324	5
6325	5
6326	5
6327	5
6328	4
6329	5
6330	4
6331	5
6332	5
6333	5
6334	5
6335	5
6336	5
6337	5
6338	5
6339	5
6340	5
6341	5
6342	5
6343	4
6344	5
6345	5
6346	5
6347	5
6348	5
6349	5
6350	5
6351	4
6352	5
6353	5
6354	5
6355	6
6356	5
6357	5
6358	5
6359	5
6360	5
6361	5
6362	5
6363	5
6364	5
6365	5
6366	5
6367	5
6368	5
6369	5
6370	5
6371	5
6372	5
6373	5
6374	5
6375	5
6376	5
6377	5
6378	5
6379	5
6380	5
6381	4
6382	4
6383	5
6384	5
6385	5
6386	5
6387	4
6388	5
6389	5
6390	5
6391	5
6392	5
6393	4
6394	5
6395	5
6396	5
6397	5
6398	4
6399	5
6400	4
6401	5
6402	5
6403	5
6404	5
6405	5
6406	5
6407	5
6408	5
6409	5
6410	5
6411	5
6412	5
6413	4
6414	5
6415	5
6416	5
6417	5
6418	5
6419	5
6420	5
6421	4
6422	4
6423	5
6424	5
6425	5
6426	4
6427	5
6428	5
6429	4
6430	5
6431	5
6432	4
6433	5
6434	5
6435	5
6436	5
6437	5
6438	5
6439	5
6440	5
6441	5
6442	4
6443	5
6444	5
6445	5
6446	5
6447	5
6448	5
6449	5
6450	5
6451	5
6452	5
6453	4
6454	5
6455	4
6456	5
6457	4
6458	5
6459	5
6460	4
6461	4
6462	5
6463	4
6464	5
6465	5
6466	5
6467	4
6468	4
6469	5
6470	5
6471	5
6472	5
6473	5
6474	5
6475	5
6476	5
6477	5
6478	4
6479	5
6480	5
6481	4
6482	5
6483	5
6484	4
6485	5
6486	5
6487	4
6488	5
6489	5
6490	4
6491	4
6492	5
6493	5
6494	4
6495	5
6496	4
6497	5
6498	5
6499	4
6500	5
6501	5
6502	4
6503	5
6504	4
6505	5
6506	5
6507	5
6508	5
6509	5
6510	5
6511	5
6512	5
6513	4
6514	4
6515	5
6516	5
6517	5
6518	5
6519	5
6520	5
6521	5
6522	5
6523	5
6524	5
6525	5
6526	5
6527	5
6528	4
6529	5
6530	5
6531	5
6532	5
6533	5
6534	5
6535	5
6536	5
6537	5
6538	4
6539	5
6540	5
6541	5
6542	5
6543	4
6544	5
6545	4
6546	4
6547	5
6548	4
6549	5
6550	5
6551	4
6552	5
6553	4
6554	5
6555	5
6556	4
6557	5
6558	4
6559	5
6560	5
6561	5
6562	5
6563	4
6564	5
6565	5
6566	5
6567	5
6568	5
6569	4
6570	5
6571	4
6572	5
6573	5
6574	4
6575	5
6576	4
6577	4
6578	5
6579	4
6580	5
6581	5
6582	5
6583	5
6584	5
6585	5
6586	5
6587	4
6588	4
6589	4
6590	4
6591	5
6592	5
6593	5
6594	5
6595	5
6596	5
6597	5
6598	5
6599	5
6600	4
6601	5
6602	5
6603	4
6604	5
6605	4
6606	5
6607	5
6608	5
6609	5
6610	5
6611	4
6612	5
6613	4
6614	5
6615	4
6616	4
6617	5
6618	5
6619	5
6620	5
6621	4
6622	5
6623	4
6624	4
6625	5
6626	4
6627	5
6628	4
6629	5
6630	5
6631	4
6632	5
6633	4
6634	5
6635	5
6636	4
6637	5
6638	5
6639	5
6640	5
6641	5
6642	5
6643	5
6644	5
6645	5
6646	5
6647	5
6648	5
6649	5
6650	5
6651	5
6652	5
6653	5
6654	5
6655	4
6656	5
6657	4
6658	5
6659	5
6660	4
6661	5
6662	5
6663	5
6664	5
6665	5
6666	5
6667	5
6668	4
6669	5
6670	5
6671	5
6672	5
6673	5
6674	5
6675	4
6676	5
6677	5
6678	4
6679	5
6680	5
6681	4
6682	5
6683	4
6684	4
6685	5
6686	5
6687	5
6688	4
6689	5
6690	5
6691	5
6692	5
6693	5
6694	5
6695	5
6696	5
6697	5
6698	5
6699	5
6700	5
6701	4
6702	5
6703	5
6704	5
6705	5
6706	4
6707	5
6708	5
6709	4
6710	5
6711	5
6712	4
6713	5
6714	5
6715	5
6716	5
6717	5
6718	5
6719	5
6720	4
6721	5
6722	5
6723	5
6724	5
6725	5
6726	5
6727	5
6728	5
6729	5
6730	5
6731	5
6732	5
6733	5
6734	5
6735	5
6736	5
6737	5
6738	5
6739	5
6740	4
6741	5
6742	4
6743	5
6744	5
6745	5
6746	5
6747	5
6748	5
6749	5
6750	4
6751	5
6752	5
6753	5
6754	5
6755	5
6756	5
6757	5
6758	5
6759	5
6760	5
6761	4
6762	5
6763	5
6764	5
6765	5
6766	4
6767	5
6768	5
6769	5
6770	5
6771	5
6772	5
6773	4
6774	4
6775	5
6776	5
6777	5
6778	5
6779	4
6780	4
6781	4
6782	5
6783	5
6784	4
6785	5
6786	4
6787	5
6788	5
6789	4
6790	5
6791	4
6792	4
6793	4
6794	5
6795	5
6796	5
6797	5
6798	5
6799	5
6800	5
6801	5
6802	4
6803	5
6804	5
6805	5
6806	5
6807	4
6808	5
6809	4
6810	4
6811	5
6812	5
6813	5
6814	5
6815	5
6816	5
6817	4
6818	5
6819	5
6820	5
6821	4
6822	4
6823	4
6824	5
6825	5
6826	5
6827	5
6828	5
6829	5
6830	4
6831	5
6832	5
6833	5
6834	5
6835	5
6836	4
6837	4
6838	5
6839	4
6840	5
6841	5
6842	5
6843	4
6844	5
6845	5
6846	4
6847	5
6848	5
6849	4
6850	5
6851	4
6852	5
6853	5
6854	5
6855	5
6856	5
6857	5
6858	5
6859	5
6860	5
6861	5
6862	5
6863	5
6864	4
6865	5
6866	5
6867	5
6868	5
6869	5
6870	5
6871	5
6872	5
6873	5
6874	5
6875	5
6876	5
6877	5
6878	5
6879	5
6880	5
6881	5
6882	4
6883	5
6884	5
6885	5
6886	5
6887	5
6888	5
6889	5
6890	4
6891	5
6892	5
6893	5
6894	5
6895	4
6896	5
6897	5
6898	5
6899	5
6900	5
6901	5
6902	5
6903	5
6904	5
6905	5
6906	5
6907	4
6908	5
6909	5
6910	5
6911	5
6912	5
6913	4
6914	5
6915	4
6916	5
6917	5
6918	5
6919	5
6920	5
6921	5
6922	5
6923	5
6924	5
6925	5
6926	4
6927	5
6928	5
6929	5
6930	5
6931	5
6932	5
6933	5
6934	5
6935	5
6936	5
6937	5
6938	5
6939	5
6940	5
6941	4
6942	5
6943	5
6944	5
6945	5
6946	5
6947	5
6948	5
6949	6
6950	5
6951	5
6952	5
6953	5
6954	5
6955	5
6956	5
6957	5
6958	5
6959	5
6960	5
6961	5
6962	5
6963	5
6964	5
6965	5
6966	5
6967	6
6968	5
6969	5
6970	5
6971	5
6972	5
6973	5
6974	5
6975	5
6976	5
6977	5
6978	5
6979	5
6980	5
6981	5
6982	5
6983	5
6984	5
6985	6
6986	5
6987	5
6988	5
6989	5
6990	5
6991	5
6992	5
6993	5
6994	5
6995	5
6996	5
6997	5
6998	5
6999	5
7000	5
7001	5
7002	5
7003	6
7004	5
7005	5
7006	5
7007	5
7008	5
7009	5
7010	5
7011	5
7012	5
7013	5
7014	5
7015	5
7016	5
7017	5
7018	5
7019	5
7020	5
7021	5
7022	4
7023	5
7024	5
7025	5
7026	5
7027	4
7028	5
7029	5
7030	5
7031	5
7032	4
7033	5
7034	5
7035	5
7036	5
7037	5
7038	5
7039	5
7040	5
7041	5
7042	5
7043	5
7044	5
7045	4
7046	5
7047	5
7048	5
7049	5
7050	5
7051	4
7052	5
7053	5
7054	5
7055	4
7056	4
7057	5
7058	5
7059	5
7060	5
7061	5
7062	5
7063	5
7064	5
7065	5
7066	4
7067	5
7068	5
7069	5
7070	5
7071	5
7072	5
7073	5
7074	5
7075	6
7076	5
7077	5
7078	5
7079	5
7080	5
7081	5
7082	5
7083	5
7084	5
7085	5
7086	5
7087	5
7088	5
7089	5
7090	5
7091	5
7092	5
7093	5
7094	5
7095	4
7096	5
7097	5
7098	5
7099	5
7100	5
7101	5
7102	5
7103	5
7104	5
7105	5
7106	4
7107	5
7108	5
7109	5
7110	5
7111	6
7112	5
7113	5
7114	5
7115	5
7116	5
7117	5
7118	5
7119	5
7120	5
7121	5
7122	5
7123	5
7124	5
7125	5
7126	5
7127	5
7128	5
7129	6
7130	5
7131	5
7132	5
7133	5
7134	5
7135	5
7136	5
7137	5
7138	5
7139	5
7140	5
7141	5
7142	5
7143	5
7144	5
7145	5
7146	5
7147	6
7148	5
7149	5
7150	5
7151	5
7152	5
7153	5
7154	5
7155	5
7156	5
7157	5
7158	5
7159	5
7160	5
7161	5
7162	5
7163	5
7164	5
7165	5
7166	5
7167	5
7168	5
7169	5
7170	5
7171	5
7172	5
7173	5
7174	5
7175	5
7176	4
7177	5
7178	5
7179	5
7180	5
7181	5
7182	5
7183	6
7184	5
7185	5
7186	5
7187	5
7188	5
7189	5
7190	5
7191	5
7192	5
7193	5
7194	5
7195	5
7196	5
7197	5
7198	5
7199	5
7200	5
7201	6
7202	5
7203	5
7204	5
7205	5
7206	5
7207	5
7208	5
7209	5
7210	5
7211	5
7212	5
7213	5
7214	5
7215	5
7216	5
7217	5
7218	5
7219	6
7220	5
7221	5
7222	5
7223	5
7224	5
7225	5
7226	5
7227	5
7228	5
7229	5
7230	5
7231	5
7232	5
7233	5
7234	5
7235	5
7236	5
7237	6
7238	5
7239	5
7240	5
7241	5
7242	5
7243	5
7244	5
7245	5
7246	5
7247	5
7248	5
7249	5
7250	5
7251	5
7252	5
7253	5
7254	5
7255	5
7256	5
7257	4
7258	5
7259	5
7260	5
7261	5
7262	5
7263	5
7264	5
7265	5
7266	5
7267	5
7268	5
7269	5
7270	5
7271	5
7272	4
7273	5
7274	5
7275	4
7276	5
7277	5
7278	4
7279	5
7280	5
7281	5
7282	4
7283	5
7284	5
7285	5
7286	5
7287	5
7288	4
7289	5
7290	5
7291	5
7292	5
7293	5
7294	5
7295	5
7296	5
7297	5
7298	4
7299	5
7300	5
7301	5
7302	5
7303	5
7304	4
7305	5
7306	5
7307	4
7308	5
7309	4
7310	5
7311	5
7312	5
7313	5
7314	5
7315	5
7316	5
7317	4
7318	5
7319	4
7320	5
7321	5
7322	4
7323	5
7324	4
7325	5
7326	5
7327	4
7328	5
7329	5
7330	5
7331	5
7332	5
7333	5
7334	5
7335	5
7336	5
7337	5
7338	5
7339	5
7340	5
7341	5
7342	4
7343	4
7344	5
7345	5
7346	5
7347	5
7348	5
7349	5
7350	5
7351	5
7352	5
7353	5
7354	5
7355	5
7356	5
7357	5
7358	5
7359	5
7360	5
7361	4
7362	5
7363	5
7364	4
7365	5
7366	5
7367	5
7368	5
7369	5
7370	5
7371	5
7372	4
7373	5
7374	4
7375	5
7376	4
7377	5
7378	5
7379	4
7380	5
7381	4
7382	5
7383	5
7384	4
7385	5
7386	5
7387	4
7388	5
7389	5
7390	4
7391	5
7392	5
7393	5
7394	5
7395	5
7396	5
7397	4
7398	5
7399	5
7400	5
7401	5
7402	4
7403	5
7404	5
7405	5
7406	5
7407	5
7408	5
7409	5
7410	5
7411	5
7412	5
7413	5
7414	4
7415	5
7416	4
7417	5
7418	4
7419	5
7420	4
7421	5
7422	5
7423	5
7424	5
7425	5
7426	5
7427	4
7428	4
7429	4
7430	5
7431	4
7432	5
7433	5
7434	4
7435	5
7436	5
7437	5
7438	5
7439	4
7440	5
7441	5
7442	4
7443	5
7444	4
7445	5
7446	4
7447	4
7448	5
7449	5
7450	4
7451	5
7452	4
7453	5
7454	4
7455	5
7456	5
7457	5
7458	5
7459	5
7460	5
7461	5
7462	4
7463	4
7464	5
7465	5
7466	5
7467	5
7468	5
7469	5
7470	5
7471	5
7472	5
7473	5
7474	5
7475	5
7476	5
7477	5
7478	5
7479	5
7480	5
7481	5
7482	5
7483	5
7484	4
7485	5
7486	5
7487	5
7488	4
7489	4
7490	5
7491	5
7492	5
7493	5
7494	5
7495	5
7496	5
7497	4
7498	5
7499	4
7500	5
7501	5
7502	4
7503	5
7504	5
7505	5
7506	5
7507	4
7508	5
7509	4
7510	4
7511	5
7512	4
7513	5
7514	5
7515	5
7516	5
7517	4
7518	4
7519	5
7520	5
7521	5
7522	4
7523	5
7524	5
7525	5
7526	5
7527	4
7528	4
7529	5
7530	4
7531	5
7532	5
7533	4
7534	5
7535	5
7536	5
7537	5
7538	5
7539	5
7540	5
7541	5
7542	5
7543	5
7544	5
7545	5
7546	5
7547	5
7548	5
7549	5
7550	5
7551	5
7552	5
7553	5
7554	4
7555	5
7556	4
7557	5
7558	4
7559	4
7560	5
7561	4
7562	5
7563	4
7564	5
7565	5
7566	4
7567	5
7568	4
7569	4
7570	5
7571	5
7572	4
7573	4
7574	4
7575	5
7576	5
7577	4
7578	5
7579	4
7580	4
7581	4
7582	4
7583	5
7584	4
7585	5
7586	5
7587	5
7588	5
7589	4
7590	5
7591	4
7592	4
7593	5
7594	4
7595	4
7596	5
7597	4
7598	5
7599	4
7600	4
7601	5
7602	4
7603	5
7604	5
7605	5
7606	5
7607	5
7608	4
7609	4
7610	4
7611	5
7612	4
7613	4
7614	5
7615	4
7616	5
7617	4
7618	4
7619	5
7620	4
7621	4
7622	4
7623	4
7624	4
7625	4
7626	4
7627	4
7628	4
7629	4
7630	4
7631	4
7632	4
7633	4
7634	5
7635	5
7636	4
7637	5
7638	5
7639	4
7640	4
7641	4
7642	5
7643	5
7644	4
7645	5
7646	4
7647	4
7648	5
7649	4
7650	5
7651	4
7652	4
7653	5
7654	4
7655	4
7656	5
7657	4
7658	5
7659	4
7660	4
7661	5
7662	4
7663	5
7664	5
7665	4
7666	5
7667	4
7668	5
7669	5
7670	4
7671	5
7672	4
7673	4
7674	5
7675	4
7676	4
7677	4
7678	4
7679	5
7680	5
7681	5
7682	5
7683	4
7684	5
7685	4
7686	5
7687	5
7688	4
7689	5
7690	5
7691	4
7692	5
7693	4
7694	4
7695	5
7696	4
7697	5
7698	4
7699	4
7700	5
7701	4
7702	5
7703	5
7704	4
7705	4
7706	4
7707	4
7708	5
7709	4
7710	4
7711	4
7712	4
7713	4
7714	4
7715	5
7716	4
7717	4
7718	5
7719	4
7720	4
7721	5
7722	4
7723	4
7724	5
7725	5
7726	5
7727	4
7728	5
7729	4
7730	5
7731	4
7732	4
7733	4
7734	5
7735	4
7736	5
7737	5
7738	4
7739	4
7740	4
7741	4
7742	5
7743	4
7744	5
7745	5
7746	4
7747	4
7748	4
7749	4
7750	5
7751	4
7752	5
7753	4
7754	4
7755	5
7756	4
7757	5
7758	4
7759	4
7760	5
7761	4
7762	4
7763	5
7764	4
7765	5
7766	4
7767	4
7768	4
7769	4
7770	5
7771	5
7772	4
7773	4
7774	4
7775	4
7776	5
7777	4
7778	5
7779	4
7780	4
7781	4
7782	4
7783	4
7784	5
7785	4
7786	4
7787	4
7788	4
7789	4
7790	4
7791	5
7792	5
7793	5
7794	5
7795	4
7796	4
7797	4
7798	4
7799	4
7800	4
7801	4
7802	4
7803	4
7804	5
7805	4
7806	4
7807	4
7808	4
7809	4
7810	4
7811	4
7812	5
7813	4
7814	4
7815	4
7816	4
7817	5
7818	4
7819	4
7820	5
7821	4
7822	4
7823	5
7824	4
7825	4
7826	4
7827	4
7828	5
7829	4
7830	4
7831	4
7832	4
7833	4
7834	4
7835	4
7836	5
7837	4
7838	4
7839	4
7840	4
7841	5
7842	4
7843	4
7844	4
7845	4
7846	4
7847	4
7848	5
7849	4
7850	4
7851	4
7852	4
7853	4
7854	5
7855	4
7856	5
7857	4
7858	4
7859	5
7860	4
7861	5
7862	4
7863	4
7864	5
7865	4
7866	4
7867	4
7868	4
7869	4
7870	5
7871	4
7872	4
7873	4
7874	4
7875	5
7876	4
7877	5
7878	4
7879	4
7880	4
7881	4
7882	4
7883	5
7884	4
7885	4
7886	4
7887	4
7888	4
7889	4
7890	5
7891	4
7892	4
7893	4
7894	4
7895	4
7896	5
7897	4
7898	5
7899	4
7900	4
7901	5
7902	4
7903	4
7904	4
7905	4
7906	4
7907	4
7908	4
7909	4
7910	4
7911	5
7912	4
7913	4
7914	4
7915	4
7916	4
7917	4
7918	4
7919	5
7920	4
7921	5
7922	4
7923	4
7924	5
7925	4
7926	4
7927	5
7928	4
7929	5
7930	4
7931	4
7932	5
7933	4
7934	4
7935	5
7936	4
7937	5
7938	4
7939	5
7940	5
7941	4
7942	5
7943	5
7944	4
7945	4
7946	5
7947	4
7948	5
7949	5
7950	5
7951	5
7952	4
7953	5
7954	4
7955	4
7956	5
7957	4
7958	5
7959	4
7960	5
7961	5
7962	4
7963	5
7964	5
7965	5
7966	5
7967	4
7968	5
7969	5
7970	5
7971	5
7972	4
7973	4
7974	5
7975	4
7976	5
7977	5
7978	4
7979	5
7980	5
7981	5
7982	5
7983	4
7984	5
7985	5
7986	4
7987	5
7988	5
7989	5
7990	5
7991	5
7992	5
7993	5
7994	5
7995	5
7996	4
7997	5
7998	5
7999	4
8000	4
8001	4
8002	4
8003	5
8004	4
8005	4
8006	4
8007	4
8008	5
8009	5
8010	4
8011	4
8012	4
8013	5
8014	4
8015	4
8016	5
8017	4
8018	4
8019	5
8020	4
8021	4
8022	4
8023	4
8024	4
8025	4
8026	5
8027	4
8028	4
8029	5
8030	4
8031	5
8032	4
8033	4
8034	5
8035	4
8036	4
8037	5
8038	4
8039	4
8040	4
8041	4
8042	5
8043	4
8044	4
8045	4
8046	4
8047	4
8048	4
8049	4
8050	5
8051	4
8052	4
8053	4
8054	4
8055	5
8056	4
8057	5
8058	4
8059	4
8060	5
8061	4
8062	4
8063	5
8064	4
8065	5
8066	4
8067	4
8068	4
8069	4
8070	5
8071	5
8072	4
8073	4
8074	4
8075	4
8076	4
8077	4
8078	4
8079	4
8080	4
8081	4
8082	4
8083	4
8084	4
8085	4
8086	5
8087	4
8088	4
8089	4
8090	4
8091	4
8092	4
8093	4
8094	5
8095	4
8096	4
8097	4
8098	4
8099	5
8100	4
8101	6
8102	5
8103	5
8104	5
8105	5
8106	5
8107	5
8108	5
8109	5
8110	5
8111	5
8112	5
8113	5
8114	5
8115	5
8116	5
8117	5
8118	5
8119	6
8120	5
8121	5
8122	5
8123	5
8124	5
8125	5
8126	5
8127	5
8128	5
8129	5
8130	5
8131	5
8132	5
8133	5
8134	5
8135	5
8136	5
8137	5
8138	5
8139	5
8140	5
8141	5
8142	5
8143	5
8144	5
8145	5
8146	5
8147	5
8148	5
8149	5
8150	5
8151	5
8152	5
8153	6
8154	6
8155	8
8156	9
8157	10
8158	11
8159	11
8160	11
8161	13
8162	13
8163	17
8164	17
8165	21
8166	25
8167	83
8168	358
8169	355
8170	318
8171	476
8172	476
8173	407
8174	476
8175	519
8176	529
8177	533
8178	475
8179	537
8180	472
8181	523
8182	445
8183	377
8184	359
8185	371
8186	367
8187	311
8188	274
8189	247
8190	360
8191	297
8192	526
8193	506
8194	554
8195	528
8196	527
8197	488
8198	487
8199	412
8200	362
8201	340
8202	345
8203	506
8204	423
8205	535
8206	464
8207	416
8208	441
8209	372
8210	323
8211	422
8212	415
8213	447
8214	447
8215	388
8216	541
8217	469
8218	405
8219	357
8220	315
8221	285
8222	259
8223	240
8224	226
8225	216
8226	204
8227	9
8228	8
8229	8
8230	8
8231	8
8232	8
8233	8
8234	8
8235	8
8236	8
8237	8
8238	8
8239	8
8240	8
8241	8
8242	8
8243	8
8244	8
8245	8
8246	7
8247	7
8248	7
8249	7
8250	7
8251	7
8252	7
8253	7
8254	7
8255	7
8256	7
8257	7
8258	7
8259	7
8260	7
8261	7
8262	7
8263	8
8264	7
8265	7
8266	7
8267	7
8268	7
8269	7
8270	7
8271	7
8272	7
8273	7
8274	7
8275	7
8276	7
8277	7
8278	7
8279	7
8280	7
8281	8
8282	7
8283	7
8284	7
8285	7
8286	7
8287	7
8288	7
8289	7
8290	7
8291	7
8292	7
8293	7
8294	7
8295	7
8296	7
8297	7
8298	7
8299	8
8300	7
8301	7
8302	7
8303	7
8304	7
8305	7
8306	7
8307	7
8308	7
8309	7
8310	7
8311	7
8312	7
8313	7
8314	7
8315	7
8316	7
8317	8
8318	7
8319	7
8320	7
8321	7
8322	7
8323	7
8324	7
8325	7
8326	7
8327	7
8328	7
8329	7
8330	7
8331	7
8332	7
8333	7
8334	7
8335	8
8336	7
8337	7
8338	7
8339	7
8340	7
8341	7
8342	7
8343	7
8344	7
8345	7
8346	7
8347	7
8348	7
8349	7
8350	7
8351	7
8352	7
8353	8
8354	7
8355	7
8356	7
8357	7
8358	7
8359	7
8360	7
8361	7
8362	7
8363	7
8364	7
8365	7
8366	7
8367	7
8368	7
8369	7
8370	7
8371	8
8372	7
8373	7
8374	7
8375	7
8376	7
8377	7
8378	7
8379	7
8380	7
8381	7
8382	7
8383	7
8384	7
8385	7
8386	7
8387	7
8388	7
8389	8
8390	7
8391	7
8392	7
8393	7
8394	7
8395	7
8396	7
8397	7
8398	7
8399	7
8400	7
8401	7
8402	7
8403	7
8404	7
8405	7
8406	7
8407	8
8408	7
8409	7
8410	7
8411	7
8412	7
8413	7
8414	7
8415	7
8416	7
8417	7
8418	7
8419	7
8420	7
8421	7
8422	7
8423	7
8424	7
8425	8
8426	7
8427	7
8428	7
8429	7
8430	7
8431	7
8432	7
8433	7
8434	7
8435	7
8436	7
8437	7
8438	7
8439	7
8440	7
8441	7
8442	7
8443	8
8444	7
8445	7
8446	7
8447	7
8448	7
8449	7
8450	7
8451	7
8452	7
8453	7
8454	7
8455	7
8456	7
8457	7
8458	7
8459	7
8460	7
8461	8
8462	7
8463	7
8464	7
8465	7
8466	7
8467	7
8468	7
8469	7
8470	7
8471	7
8472	7
8473	7
8474	7
8475	7
8476	7
8477	7
8478	7
8479	8
8480	7
8481	7
8482	7
8483	7
8484	7
8485	7
8486	7
8487	7
8488	7
8489	7
8490	7
8491	7
8492	7
8493	7
8494	7
8495	7
8496	7
8497	8
8498	7
8499	7
8500	7
8501	7
8502	7
8503	7
8504	7
8505	7
8506	7
8507	7
8508	7
8509	7
8510	7
8511	7
8512	7
8513	7
8514	7
8515	8
8516	7
8517	7
8518	7
8519	7
8520	7
8521	7
8522	7
8523	7
8524	7
8525	7
8526	7
8527	7
8528	7
8529	7
8530	7
8531	7
8532	7
8533	8
8534	7
8535	7
8536	7
8537	7
8538	7
8539	7
8540	7
8541	7
8542	7
8543	7
8544	7
8545	7
8546	7
8547	7
8548	7
8549	7
8550	7
8551	8
8552	7
8553	7
8554	7
8555	7
8556	7
8557	7
8558	7
8559	7
8560	7
8561	7
8562	7
8563	7
8564	7
8565	7
8566	7
8567	7
8568	7
8569	8
8570	7
8571	7
8572	7
8573	7
8574	7
8575	7
8576	7
8577	7
8578	7
8579	7
8580	7
8581	7
8582	7
8583	7
8584	7
8585	7
8586	7
8587	8
8588	7
8589	7
8590	7
8591	7
8592	7
8593	7
8594	7
8595	7
8596	7
8597	7
8598	7
8599	7
8600	7
8601	7
8602	7
8603	7
8604	7
8605	7
8606	7
8607	7
8608	7
8609	7
8610	7
8611	7
8612	7
8613	7
8614	7
8615	7
8616	8
8617	9
8618	10
8619	10
8620	10
8621	11
8622	13
8623	13
8624	13
8625	12
8626	18
8627	30
8628	34
8629	471
8630	442
8631	374
8632	480
8633	480
8634	480
8635	389
8636	329
8637	280
8638	250
8639	287
8640	313
8641	263
8642	227
8643	202
8644	182
8645	169
8646	282
8647	227
8648	196
8649	226
8650	433
8651	460
8652	477
8653	422
8654	367
8655	567
8656	563
8657	477
8658	420
8659	385
8660	339
8661	299
8662	496
8663	425
8664	534
8665	543
8666	512
8667	499
8668	505
8669	423
8670	489
8671	396
8672	337
8673	296
8674	535
8675	544
8676	508
8677	429
8678	369
8679	360
8680	314
8681	422
8682	355
8683	461
8684	473
8685	418
8686	355
8687	308
8688	273
8689	250
8690	231
8691	215
8692	293
8693	486
8694	553
8695	496
8696	497
8697	549
8698	498
8699	560
8700	555
8701	522
8702	463
8703	550
8704	482
8705	478
8706	475
8707	458
8708	407
8709	399
8710	354
8711	323
8712	287
8713	259
8714	238
8715	327
8716	528
8717	479
8718	507
8719	432
8720	372
8721	327
8722	292
8723	484
8724	492
8725	516
8726	502
8727	460
8728	519
8729	569
8730	597
8731	545
8732	485
8733	426
8734	372
8735	328
8736	296
8737	269
8738	251
8739	302
8740	263
8741	239
8742	230
8743	462
8744	386
8745	329
8746	290
8747	478
8748	474
8749	448
8750	504
8751	450
8752	502
8753	517
8754	488
8755	413
8756	387
8757	335
8758	292
8759	279
8760	247
8761	226
8762	220
8763	208
8764	196
8765	495
8766	470
8767	406
8768	398
8769	452
8770	462
8771	397
8772	381
8773	414
8774	354
8775	447
8776	390
8777	333
8778	291
8779	320
8780	353
8781	341
8782	289
8783	386
8784	476
8785	387
8786	425
8787	351
8788	326
8789	294
8790	252
8791	276
8792	247
8793	220
8794	405
8795	328
8796	346
8797	379
8798	312
8799	274
8800	464
8801	394
8802	349
8803	300
8804	274
8805	242
8806	219
8807	201
8808	188
8809	179
8810	169
8811	161
8812	153
8813	145
8814	139
8815	133
8816	128
8817	123
8818	119
8819	116
8820	112
8821	108
8822	105
8823	102
8824	99
8825	96
8826	92
8827	90
8828	87
8829	84
8830	83
8831	81
8832	79
8833	77
8834	76
8835	74
8836	72
8837	71
8838	70
8839	68
8840	67
8841	66
8842	65
8843	64
8844	63
8845	63
8846	62
8847	61
8848	60
8849	59
8850	59
8851	59
8852	58
8853	57
8854	56
8855	55
8856	55
8857	54
8858	54
8859	54
8860	53
8861	52
8862	52
8863	52
8864	51
8865	51
8866	51
8867	50
8868	49
8869	49
8870	49
8871	48
8872	48
8873	48
8874	48
8875	47
8876	47
8877	48
8878	47
8879	47
8880	46
8881	45
8882	45
8883	44
8884	44
8885	43
8886	43
8887	43
8888	42
8889	42
8890	42
8891	42
8892	42
8893	41
8894	41
8895	41
8896	40
8897	40
8898	40
8899	40
8900	40
8901	39
8902	39
8903	39
8904	39
8905	39
8906	39
8907	38
8908	38
8909	38
8910	38
8911	38
8912	38
8913	38
8914	38
8915	37
8916	38
8917	37
8918	37
8919	37
8920	36
8921	37
8922	36
8923	36
8924	36
8925	36
8926	36
8927	36
8928	36
8929	36
8930	35
8931	35
8932	35
8933	35
8934	35
8935	35
8936	34
8937	34
8938	34
8939	34
8940	34
8941	34
8942	34
8943	33
8944	33
8945	33
8946	33
8947	33
8948	33
8949	33
8950	33
8951	33
8952	32
8953	32
8954	32
8955	32
8956	32
8957	32
8958	32
8959	32
8960	32
8961	32
8962	32
8963	32
8964	32
8965	32
8966	31
8967	31
8968	31
8969	31
8970	31
8971	31
8972	31
8973	31
8974	31
8975	31
8976	31
8977	31
8978	30
8979	31
8980	30
8981	31
8982	30
8983	30
8984	30
8985	30
8986	30
8987	30
8988	30
8989	30
8990	30
8991	30
8992	30
8993	30
8994	29
8995	29
8996	29
8997	29
8998	29
8999	29
9000	29
9001	29
9002	29
9003	29
9004	29
9005	29
9006	29
9007	29
9008	29
9009	28
9010	29
9011	28
9012	28
9013	28
9014	28
9015	28
9016	28
9017	27
9018	28
9019	27
9020	27
9021	27
9022	27
9023	27
9024	27
9025	27
9026	27
9027	27
9028	27
9029	27
9030	26
9031	26
9032	26
9033	26
9034	26
9035	26
9036	26
9037	26
9038	26
9039	26
9040	26
9041	26
9042	26
9043	26
9044	26
9045	26
9046	26
9047	26
9048	26
9049	26
9050	26
9051	25
9052	26
9053	26
9054	25
9055	25
9056	25
9057	25
9058	25
9059	25
9060	25
9061	25
9062	25
9063	25
9064	24
9065	24
9066	25
9067	24
9068	25
9069	24
9070	24
9071	24
9072	24
9073	24
9074	24
9075	24
9076	24
9077	24
9078	24
9079	24
9080	24
9081	24
9082	24
9083	24
9084	24
9085	24
9086	24
9087	24
9088	24
9089	23
9090	23
9091	24
9092	23
9093	23
9094	23
9095	23
9096	23
9097	23
9098	23
9099	23
9100	23
9101	23
9102	23
9103	23
9104	23
9105	23
9106	23
9107	23
9108	23
9109	23
9110	23
9111	23
9112	23
9113	23
9114	23
9115	23
9116	23
9117	23
9118	23
9119	23
9120	23
9121	23
9122	23
9123	22
9124	23
9125	22
9126	23
9127	23
9128	22
9129	23
9130	23
9131	22
9132	22
9133	22
9134	22
9135	22
9136	22
9137	22
9138	22
9139	22
9140	22
9141	22
9142	22
9143	22
9144	22
9145	22
9146	22
9147	22
9148	22
9149	22
9150	22
9151	22
9152	22
9153	21
9154	22
9155	21
9156	21
9157	21
9158	21
9159	21
9160	21
9161	21
9162	21
9163	21
9164	21
9165	21
9166	21
9167	21
9168	21
9169	21
9170	21
9171	21
9172	21
9173	21
9174	21
9175	21
9176	21
9177	21
9178	21
9179	21
9180	20
9181	21
9182	20
9183	20
9184	20
9185	20
9186	20
9187	20
9188	20
9189	20
9190	20
9191	20
9192	20
9193	20
9194	20
9195	20
9196	20
9197	20
9198	20
9199	20
9200	20
9201	20
9202	20
9203	20
9204	20
9205	20
9206	20
9207	20
9208	20
9209	20
9210	20
9211	20
9212	21
9213	22
9214	25
9215	27
9216	27
9217	27
9218	26
9219	25
9220	25
9221	24
9222	24
9223	23
9224	23
9225	23
9226	24
9227	24
9228	24
9229	23
9230	23
9231	23
9232	22
9233	22
9234	22
9235	21
9236	21
9237	21
9238	21
9239	21
9240	21
9241	21
9242	20
9243	20
9244	20
9245	20
9246	20
9247	20
9248	20
9249	23
9250	23
9251	23
9252	30
9253	32
9254	31
9255	54
9256	291
9257	280
9258	293
9259	431
9260	445
9261	520
9262	495
9263	471
9264	399
9265	526
9266	488
9267	515
9268	441
9269	378
9270	329
9271	300
9272	302
9273	533
9274	458
9275	512
9276	495
9277	512
9278	534
9279	555
9280	493
9281	447
9282	400
9283	440
9284	531
9285	496
9286	461
9287	491
9288	486
9289	447
9290	466
9291	489
9292	477
9293	398
9294	442
9295	379
9296	348
9297	299
9298	504
9299	482
9300	517
9301	465
9302	407
9303	370
9304	327
9305	302
9306	484
9307	528
9308	478
9309	453
9310	418
9311	367
9312	528
9313	546
9314	587
9315	575
9316	512
9317	512
9318	478
9319	546
9320	570
9321	554
9322	530
9323	549
9324	578
9325	552
9326	498
9327	458
9328	477
9329	466
9330	476
9331	556
9332	480
9333	435
9334	403
9335	542
9336	522
9337	519
9338	503
9339	471
9340	438
9341	546
9342	491
9343	478
9344	415
9345	370
9346	532
9347	560
9348	551
9349	565
9350	497
9351	445
9352	481
9353	562
9354	551
9355	502
9356	533
9357	482
9358	451
9359	503
9360	557
9361	551
9362	514
9363	449
9364	434
9365	430
9366	474
9367	495
9368	435
9369	385
9370	342
9371	311
9372	278
9373	256
9374	239
9375	451
9376	476
9377	433
9378	488
9379	522
9380	554
9381	536
9382	572
9383	534
9384	471
9385	424
9386	381
9387	502
9388	498
9389	497
9390	458
9391	468
9392	496
9393	429
9394	420
9395	369
9396	335
9397	426
9398	413
9399	422
9400	552
9401	554
9402	530
9403	462
9404	452
9405	542
9406	487
9407	429
9408	380
9409	335
9410	302
9411	272
9412	280
9413	443
9414	496
9415	579
9416	563
9417	488
9418	425
9419	369
9420	320
9421	285
9422	285
9423	260
9424	290
9425	492
9426	415
9427	513
9428	556
9429	492
9430	413
9431	362
9432	320
9433	282
9434	257
9435	237
9436	224
9437	210
9438	201
9439	192
9440	184
9441	177
9442	168
9443	161
9444	154
9445	147
9446	142
9447	135
9448	131
9449	126
9450	121
9451	118
9452	115
9453	110
9454	107
9455	104
9456	102
9457	99
9458	97
9459	95
9460	92
9461	90
9462	88
9463	86
9464	84
9465	83
9466	82
9467	80
9468	78
9469	78
9470	78
9471	76
9472	76
9473	75
9474	74
9475	73
9476	71
9477	70
9478	69
9479	68
9480	67
9481	67
9482	67
9483	67
9484	66
9485	66
9486	65
9487	65
9488	64
9489	62
9490	62
9491	61
9492	60
9493	60
9494	59
9495	59
9496	59
9497	58
9498	58
9499	57
9500	56
9501	55
9502	55
9503	54
9504	55
9505	54
9506	54
9507	55
9508	53
9509	53
9510	53
9511	52
9512	52
9513	52
9514	53
9515	52
9516	51
9517	52
9518	51
9519	51
9520	51
9521	50
9522	50
9523	49
9524	48
9525	48
9526	48
9527	48
9528	48
9529	47
9530	48
9531	47
9532	47
9533	46
9534	46
9535	46
9536	46
9537	45
9538	45
9539	44
9540	44
9541	44
9542	44
9543	44
9544	43
9545	43
9546	43
9547	43
9548	43
9549	43
9550	43
9551	43
9552	42
9553	42
9554	41
9555	41
9556	41
9557	41
9558	41
9559	41
9560	41
9561	40
9562	41
9563	41
9564	41
9565	42
9566	42
9567	41
9568	41
9569	41
9570	40
9571	40
9572	40
9573	39
9574	39
9575	39
9576	39
9577	39
9578	39
9579	39
9580	39
9581	39
9582	39
9583	38
9584	38
9585	38
9586	38
9587	38
9588	38
9589	38
9590	38
9591	38
9592	38
9593	37
9594	37
9595	37
9596	37
9597	37
9598	37
9599	36
9600	37
9601	36
9602	36
9603	36
9604	36
9605	36
9606	36
9607	36
9608	36
9609	35
9610	35
9611	35
9612	35
9613	35
9614	35
9615	35
9616	35
9617	35
9618	35
9619	35
9620	34
9621	35
9622	34
9623	35
9624	34
9625	34
9626	34
9627	34
9628	34
9629	34
9630	34
9631	34
9632	33
9633	33
9634	33
9635	33
9636	33
9637	33
9638	33
9639	33
9640	33
9641	33
9642	33
9643	32
9644	33
9645	32
9646	32
9647	32
9648	32
9649	32
9650	32
9651	32
9652	32
9653	31
9654	31
9655	32
9656	31
9657	31
9658	31
9659	31
9660	31
9661	31
9662	31
9663	31
9664	31
9665	31
9666	31
9667	31
9668	31
9669	31
9670	31
9671	30
9672	31
9673	31
9674	31
9675	30
9676	30
9677	30
9678	30
9679	30
9680	30
9681	30
9682	30
9683	30
9684	30
9685	30
9686	30
9687	30
9688	30
9689	30
9690	30
9691	30
9692	29
9693	29
9694	29
9695	29
9696	29
9697	29
9698	29
9699	29
9700	29
9701	29
9702	29
9703	29
9704	29
9705	28
9706	29
9707	28
9708	28
9709	28
9710	28
9711	28
9712	28
9713	28
9714	28
9715	28
9716	28
9717	28
9718	28
9719	28
9720	28
9721	28
9722	28
9723	28
9724	28
9725	28
9726	28
9727	28
9728	27
9729	28
9730	28
9731	27
9732	28
9733	27
9734	27
9735	27
9736	27
9737	27
9738	27
9739	27
9740	27
9741	27
9742	27
9743	27
9744	27
9745	27
9746	27
9747	27
9748	27
9749	26
9750	27
9751	26
9752	27
9753	27
9754	26
9755	27
9756	26
9757	26
9758	27
9759	26
9760	26
9761	26
9762	26
9763	26
9764	26
9765	26
9766	26
9767	26
9768	26
9769	26
9770	26
9771	26
9772	26
9773	26
9774	26
9775	26
9776	26
9777	26
9778	26
9779	25
9780	25
9781	26
9782	26
9783	26
9784	26
9785	25
9786	26
9787	25
9788	25
9789	25
9790	25
9791	25
9792	25
9793	25
9794	26
9795	25
9796	26
9797	26
9798	26
9799	26
9800	25
9801	25
9802	25
9803	25
9804	26
9805	26
9806	26
9807	26
9808	26
9809	26
9810	25
9811	26
9812	26
9813	25
9814	26
9815	25
9816	25
9817	25
9818	25
9819	25
9820	25
9821	25
9822	25
9823	25
9824	25
9825	25
9826	25
9827	25
9828	24
9829	25
9830	25
9831	24
9832	24
9833	24
9834	24
9835	24
9836	24
9837	24
9838	24
9839	24
9840	25
9841	24
9842	24
9843	24
9844	24
9845	24
9846	24
9847	24
9848	24
9849	24
9850	24
9851	24
9852	24
9853	24
9854	24
9855	23
9856	24
9857	23
9858	23
9859	23
9860	23
9861	23
9862	23
9863	23
9864	23
9865	23
9866	23
9867	23
9868	23
9869	23
9870	22
9871	23
9872	23
9873	23
9874	23
9875	22
9876	23
9877	23
9878	22
9879	23
9880	22
9881	22
9882	23
9883	22
9884	23
9885	23
9886	23
9887	23
9888	22
9889	23
9890	22
9891	22
9892	22
9893	22
9894	22
9895	22
9896	22
9897	22
9898	22
9899	22
9900	22
9901	22
9902	22
9903	22
9904	22
9905	22
9906	22
9907	22
9908	22
9909	22
9910	22
9911	22
9912	22
9913	22
9914	21
9915	21
9916	21
9917	21
9918	22
9919	22
9920	22
9921	22
9922	22
9923	22
9924	22
9925	21
9926	21
9927	21
9928	21
9929	21
9930	21
9931	22
9932	21
9933	21
9934	21
9935	21
9936	21
9937	22
9938	21
9939	21
9940	21
9941	21
9942	21
9943	21
9944	21
9945	21
9946	21
9947	21
9948	21
9949	21
9950	21
9951	21
9952	21
9953	21
9954	21
9955	22
9956	21
9957	21
9958	21
9959	21
9960	21
9961	21
9962	21
9963	21
9964	21
9965	21
9966	21
9967	21
9968	21
9969	21
9970	21
9971	21
9972	21
9973	21
9974	21
9975	21
9976	20
9977	21
9978	20
9979	20
9980	20
9981	20
9982	20
9983	20
9984	20
9985	20
9986	20
9987	20
9988	20
9989	20
9990	20
